#FromID;FromX;FromY;FromIsStorage;FromIsIStation;FromIsOStation;FromIsElevator;ToID;ToX;ToY;ToIsStorage;ToIsIStation;ToIsOStation;ToIsElevator;Count;TravelTimeAvg;TravelTimeVar;TravelTimeMin;TravelTimeMax
12;61.50;3.50;False;False;True;False;290;27.50;1.50;True;False;False;False;3;38.49301927443245;62.1206548823227;33.77728058809453;47.59195762510717
12;61.50;3.50;False;False;True;False;292;29.50;1.50;True;False;False;False;4;37.05189261962482;39.7600938019936;33.59216839357396;46.504298166726585
12;61.50;3.50;False;False;True;False;293;30.50;1.50;True;False;False;False;2;39.59222462304933;0.14649608034843925;39.32158087164498;39.86286837445368
12;61.50;3.50;False;False;True;False;294;31.50;1.50;True;False;False;False;4;41.053262788913344;0.6400002210976489;40.42637410132738;42.22639568010709
12;61.50;3.50;False;False;True;False;295;32.50;1.50;True;False;False;False;3;44.267528291157454;9.285031263404331;41.14684786000362;47.23536504256117
12;61.50;3.50;False;False;True;False;300;37.50;1.50;True;False;False;False;8;27.89847721995316;4.449727190014351;26.880924331739152;33.08853369510689
12;61.50;3.50;False;False;True;False;302;39.50;1.50;True;False;False;False;1;27.522958971127082;0;27.522958971127082;27.522958971127082
12;61.50;3.50;False;False;True;False;303;40.50;1.50;True;False;False;False;5;34.29218699677231;6.435621247565776;32.9653783603826;38.81213936653148
12;61.50;3.50;False;False;True;False;304;41.50;1.50;True;False;False;False;4;35.16950539035935;9.018501164379792;33.329535041119016;39.63727842305093
12;61.50;3.50;False;False;True;False;305;42.50;1.50;True;False;False;False;7;36.36828088057805;21.16790148413721;34.205941108844854;46.75407647171596
12;61.50;3.50;False;False;True;False;307;44.50;1.50;True;False;False;False;6;36.862944273406356;5.73814303383996;35.37718468883395;41.63537836038449
12;61.50;3.50;False;False;True;False;308;45.50;1.50;True;False;False;False;5;38.32557319663238;20.19086374921946;36.28018438809022;46.36350733376548
12;61.50;3.50;False;False;True;False;309;46.50;1.50;True;False;False;False;4;38.729835135015946;9.773516690352858;36.76545856941448;43.37936716578224
12;61.50;3.50;False;False;True;False;310;47.50;1.50;True;False;False;False;4;20.469691295412275;0.4083992288055326;20.013303417508723;21.388607514653813
12;61.50;3.50;False;False;True;False;312;49.50;1.50;True;False;False;False;7;20.77670754893257;0.3065760597303129;20.039718625761452;21.56546576232722
12;61.50;3.50;False;False;True;False;313;50.50;1.50;True;False;False;False;6;28.87316004968094;21.748257030350704;25.95230882070973;38.18165947374291
12;61.50;3.50;False;False;True;False;314;51.50;1.50;True;False;False;False;3;27.23264383461037;0.26103809566703484;26.76053208644771;27.775083403757435
12;61.50;3.50;False;False;True;False;315;52.50;1.50;True;False;False;False;4;18.29633069143574;0.2662251641286118;17.831592687995;18.89935784595582
12;61.50;3.50;False;False;True;False;329;22.50;2.50;True;False;False;False;2;33.163435915035734;1.683909039755299E-07;33.16314575051001;33.16372607956146
12;61.50;3.50;False;False;True;False;331;24.50;2.50;True;False;False;False;1;32.177809456949035;0;32.177809456949035;32.177809456949035
12;61.50;3.50;False;False;True;False;332;25.50;2.50;True;False;False;False;2;34.36483878805393;16.32928017973378;31.507455353884325;37.222222222223536
12;61.50;3.50;False;False;True;False;333;26.50;2.50;True;False;False;False;1;30.44891471116125;0;30.44891471116125;30.44891471116125
12;61.50;3.50;False;False;True;False;334;27.50;2.50;True;False;False;False;2;32.93743950291082;19.17438031658687;29.841120695311474;36.033758310510166
12;61.50;3.50;False;False;True;False;336;29.50;2.50;True;False;False;False;4;32.419837261530574;60.33300746832211;28.442223025676867;44.07036797272667
12;61.50;3.50;False;False;True;False;337;30.50;2.50;True;False;False;False;1;55.220093791409454;0;55.220093791409454;55.220093791409454
12;61.50;3.50;False;False;True;False;339;32.50;2.50;True;False;False;False;5;26.510520755469408;0.08561417187118991;26.250474543074233;27.006750873873898
12;61.50;3.50;False;False;True;False;341;34.50;2.50;True;False;False;False;5;26.103666827357255;1.5532965155833727;25.078427124746668;28.140093791412937
12;61.50;3.50;False;False;True;False;342;35.50;2.50;True;False;False;False;1;24.811378902961224;0;24.811378902961224;24.811378902961224
12;61.50;3.50;False;False;True;False;343;36.50;2.50;True;False;False;False;1;24.189814827527584;0;24.189814827527584;24.189814827527584
12;61.50;3.50;False;False;True;False;344;37.50;2.50;True;False;False;False;2;23.28847161962949;0.41599351686014996;22.832405003409804;23.744538235849177
12;61.50;3.50;False;False;True;False;346;39.50;2.50;True;False;False;False;4;22.577361708935655;3.024027973518229;21.511208097260123;25.166208900710217
12;61.50;3.50;False;False;True;False;347;40.50;2.50;True;False;False;False;2;21.512965625112145;0.00043879973317630555;21.498153472446575;21.527777777777715
12;61.50;3.50;False;False;True;False;348;41.50;2.50;True;False;False;False;3;20.70953663530842;0.15516156361531439;20.31972581867376;21.107412999777807
12;61.50;3.50;False;False;True;False;349;42.50;2.50;True;False;False;False;7;20.008942825591543;0.15061605529564928;19.686111111106584;20.77120170779017
12;61.50;3.50;False;False;True;False;351;44.50;2.50;True;False;False;False;4;19.991252055507175;4.856155429203261;18.412219027484753;23.11813641157096
12;61.50;3.50;False;False;True;False;352;45.50;2.50;True;False;False;False;3;17.908574911788794;0.03792157939815932;17.79388888888934;18.133419912814134
12;61.50;3.50;False;False;True;False;353;46.50;2.50;True;False;False;False;5;24.146547353210554;225.90487008029936;17.07277777776835;51.0281207314747
12;61.50;3.50;False;False;True;False;354;47.50;2.50;True;False;False;False;4;16.636640822757727;0.19124257370519646;16.280083403747994;17.261392485343094
12;61.50;3.50;False;False;True;False;356;49.50;2.50;True;False;False;False;2;14.845629365673176;0.0134430271502359;14.763644528202349;14.927614203144003
12;61.50;3.50;False;False;True;False;357;50.50;2.50;True;False;False;False;1;14.93611111111111;0;14.93611111111111;14.93611111111111
12;61.50;3.50;False;False;True;False;358;51.50;2.50;True;False;False;False;2;13.863958318113873;0.01583995789007124;13.774964054562588;13.952952581665159
12;61.50;3.50;False;False;True;False;359;52.50;2.50;True;False;False;False;3;13.298582111037831;0.31525426864017897;12.892222222219061;13.939264054539308
12;61.50;3.50;False;False;True;False;412;17.50;4.50;True;False;False;False;1;36.84472581867885;0;36.84472581867885;36.84472581867885
12;61.50;3.50;False;False;True;False;414;19.50;4.50;True;False;False;False;2;42.042734478525745;86.96977895242841;35.44842712473837;48.637041832313116
12;61.50;3.50;False;False;True;False;415;20.50;4.50;True;False;False;False;1;34.3685883272683;0;34.3685883272683;34.3685883272683
12;61.50;3.50;False;False;True;False;416;21.50;4.50;True;False;False;False;1;40.16667066484297;0;40.16667066484297;40.16667066484297
12;61.50;3.50;False;False;True;False;419;24.50;4.50;True;False;False;False;1;32.07935384776283;0;32.07935384776283;32.07935384776283
12;61.50;3.50;False;False;True;False;420;25.50;4.50;True;False;False;False;1;31.32602370916993;0;31.32602370916993;31.32602370916993
12;61.50;3.50;False;False;True;False;421;26.50;4.50;True;False;False;False;1;30.719632027268744;0;30.719632027268744;30.719632027268744
12;61.50;3.50;False;False;True;False;422;27.50;4.50;True;False;False;False;1;29.76272314576272;0;29.76272314576272;29.76272314576272
12;61.50;3.50;False;False;True;False;424;29.50;4.50;True;False;False;False;1;28.418371433810535;0;28.418371433810535;28.418371433810535
12;61.50;3.50;False;False;True;False;425;30.50;4.50;True;False;False;False;2;28.431054621666135;0.018594633420380823;28.334632027269436;28.527477216062834
12;61.50;3.50;False;False;True;False;426;31.50;4.50;True;False;False;False;3;30.150555555550454;15.786967221708501;27.81388888888432;34.73823954191357
12;61.50;3.50;False;False;True;False;427;32.50;4.50;True;False;False;False;8;27.529645948771076;6.152255867044699;26.28740980504881;33.63620890070888
12;61.50;3.50;False;False;True;False;429;34.50;4.50;True;False;False;False;6;25.36072471028524;0.09146232755628278;25.029441249714182;25.874170263126416
12;61.50;3.50;False;False;True;False;430;35.50;4.50;True;False;False;False;2;24.573954712072464;0.06693217905804051;24.391017319697312;24.756892104447616
12;61.50;3.50;False;False;True;False;431;36.50;4.50;True;False;False;False;2;23.604909011134453;0.004303412551363415;23.558522523062152;23.651295499206753
12;61.50;3.50;False;False;True;False;432;37.50;4.50;True;False;False;False;1;23.10064934696311;0;23.10064934696311;23.10064934696311
12;61.50;3.50;False;False;True;False;434;39.50;4.50;True;False;False;False;1;21.665461764141583;0;21.665461764141583;21.665461764141583
12;61.50;3.50;False;False;True;False;435;40.50;4.50;True;False;False;False;1;21.455174264809102;0;21.455174264809102;21.455174264809102
12;61.50;3.50;False;False;True;False;436;41.50;4.50;True;False;False;False;1;20.63333333333344;0;20.63333333333344;20.63333333333344
12;61.50;3.50;False;False;True;False;437;42.50;4.50;True;False;False;False;8;22.511366639060046;31.8470818875465;19.538333333333867;36.24805195909721
12;61.50;3.50;False;False;True;False;439;44.50;4.50;True;False;False;False;7;18.984136534567565;0.14768814463861302;18.49591713881091;19.542319208369918
12;61.50;3.50;False;False;True;False;440;45.50;4.50;True;False;False;False;3;20.254771747765517;15.468803813303516;17.840160418038977;24.793149748689757
12;61.50;3.50;False;False;True;False;441;46.50;4.50;True;False;False;False;3;27.76728954511259;337.7720443880143;17.11343431766727;48.988982680304616
12;61.50;3.50;False;False;True;False;442;47.50;4.50;True;False;False;False;2;16.45034944699819;0.0001396138483423993;16.441994393187997;16.45870450080838
12;61.50;3.50;False;False;True;False;444;49.50;4.50;True;False;False;False;2;16.600877034305142;2.227010944244145;15.54564934696839;17.656104721641896
12;61.50;3.50;False;False;True;False;445;50.50;4.50;True;False;False;False;2;14.337453104292372;0.024098518502188734;14.227683986362536;14.447222222222209
12;61.50;3.50;False;False;True;False;447;52.50;4.50;True;False;False;False;7;13.439695823675363;0.17712604211910282;12.95537116747073;14.05703463939426
12;61.50;3.50;False;False;True;False;461;22.50;5.50;True;False;False;False;2;37.18120769553934;0.01175567875039159;37.10454062715144;37.25787476392725
12;61.50;3.50;False;False;True;False;463;24.50;5.50;True;False;False;False;1;37.93398268029705;0;37.93398268029705;37.93398268029705
12;61.50;3.50;False;False;True;False;471;32.50;5.50;True;False;False;False;10;30.580347138816435;0.12387935181989906;30.154531042936014;31.24304556963034
12;61.50;3.50;False;False;True;False;473;34.50;5.50;True;False;False;False;5;30.738371010590708;0.14106110887013446;30.433333333331575;31.33518758282662
12;61.50;3.50;False;False;True;False;474;35.50;5.50;True;False;False;False;12;36.734205213965424;5.551614480443308;35.70278336378851;44.150000000002365
12;61.50;3.50;False;False;True;False;475;36.50;5.50;True;False;False;False;7;40.43339065242006;24.52997795462288;36.77490301385478;50.180008799839925
12;61.50;3.50;False;False;True;False;478;39.50;5.50;True;False;False;False;1;40.04722861166738;0;40.04722861166738;40.04722861166738
12;61.50;3.50;False;False;True;False;479;40.50;5.50;True;False;False;False;1;39.89963202726176;0;39.89963202726176;39.89963202726176
12;61.50;3.50;False;False;True;False;481;42.50;5.50;True;False;False;False;9;24.043570741410146;0.18900760604592187;23.47064934696573;24.700649346968476
12;61.50;3.50;False;False;True;False;483;44.50;5.50;True;False;False;False;12;24.831109585465782;6.56216802192747;23.542316013634263;30.91962963599508
12;61.50;3.50;False;False;True;False;484;45.50;5.50;True;False;False;False;16;30.642439982131716;8.950773998515109;28.960007192922603;40.4620506320789
12;61.50;3.50;False;False;True;False;485;46.50;5.50;True;False;False;False;9;31.066649020987214;2.039594909284302;30.172965360601665;34.571298693936114
12;61.50;3.50;False;False;True;False;486;47.50;5.50;True;False;False;False;2;31.489904611217753;0.4622310019057782;31.00915987546614;31.970649346969367
12;61.50;3.50;False;False;True;False;488;49.50;5.50;True;False;False;False;8;32.51450693473089;0.1784700994816653;31.894352524443093;33.224459152432246
12;61.50;3.50;False;False;True;False;490;51.50;5.50;True;False;False;False;3;34.48402327315322;3.738248458609781;33.336886234825215;36.71629789047984
12;61.50;3.50;False;False;True;False;491;52.50;5.50;True;False;False;False;7;18.2411514222068;0.1550174702854978;17.855649346968363;18.844906208596512
12;61.50;3.50;False;False;True;False;551;24.50;7.50;True;False;False;False;2;43.9696805203439;3.5865113426392017;42.630555555555475;45.308805485132325
12;61.50;3.50;False;False;True;False;559;32.50;7.50;True;False;False;False;13;33.40064389689523;4.921272804597733;31.734371703138095;39.371670664853355
12;61.50;3.50;False;False;True;False;561;34.50;7.50;True;False;False;False;12;33.89286144857446;12.57603707533038;31.95926085980318;44.576180129013665
12;61.50;3.50;False;False;True;False;562;35.50;7.50;True;False;False;False;11;38.08465798985464;13.871012010644517;35.592694374020994;48.734606752546824
12;61.50;3.50;False;False;True;False;563;36.50;7.50;True;False;False;False;16;39.19140074454447;25.93452700789074;36.485555555544124;53.38583692979046
12;61.50;3.50;False;False;True;False;566;39.50;7.50;True;False;False;False;2;38.26430575641734;0.019210768591942585;38.16629869393728;38.36231281889741
12;61.50;3.50;False;False;True;False;567;40.50;7.50;True;False;False;False;1;45.34294938692619;0;45.34294938692619;45.34294938692619
12;61.50;3.50;False;False;True;False;568;41.50;7.50;True;False;False;False;2;44.05822875256126;16.202918976595814;41.21192246400096;46.90453504112156
12;61.50;3.50;False;False;True;False;569;42.50;7.50;True;False;False;False;8;26.341689014539767;3.988568523208287;25.1861945148662;31.161208097264534
12;61.50;3.50;False;False;True;False;571;44.50;7.50;True;False;False;False;18;26.13906691092008;2.448276797679022;25.1821579868797;31.50225420769857
12;61.50;3.50;False;False;True;False;572;45.50;7.50;True;False;False;False;13;30.90071384685742;4.534854987898227;29.177422583996304;34.840187582824
12;61.50;3.50;False;False;True;False;573;46.50;7.50;True;False;False;False;14;34.910409517989265;79.26830688752096;30.097594193137866;63.47111830402355
12;61.50;3.50;False;False;True;False;574;47.50;7.50;True;False;False;False;5;34.24037932072715;4.129462420388538;31.631668273559626;37.305941912316484
12;61.50;3.50;False;False;True;False;576;49.50;7.50;True;False;False;False;4;32.14389528313086;0.1818535226743529;31.567316013628442;32.59723741154812
12;61.50;3.50;False;False;True;False;577;50.50;7.50;True;False;False;False;6;33.88087925077912;2.74497855894514;32.8467604580801;37.22417026312178
12;61.50;3.50;False;False;True;False;578;51.50;7.50;True;False;False;False;7;36.98257086038666;37.09478381181911;33.31277538649374;48.89398187685947
12;61.50;3.50;False;False;True;False;579;52.50;7.50;True;False;False;False;5;19.323481796507327;0.504855419402412;18.710836929794368;20.418714888459363
12;61.50;3.50;False;False;True;False;597;26.50;8.50;True;False;False;False;1;41.84097978633508;0;41.84097978633508;41.84097978633508
12;61.50;3.50;False;False;True;False;601;30.50;8.50;True;False;False;False;1;39.331200904332945;0;39.331200904332945;39.331200904332945
12;61.50;3.50;False;False;True;False;603;32.50;8.50;True;False;False;False;4;42.59204203318086;16.818236227684185;37.981208900710044;46.129725818683255
12;61.50;3.50;False;False;True;False;606;35.50;8.50;True;False;False;False;2;36.054007845930755;0.17211841783540544;35.760649346961145;36.347366344900365
12;61.50;3.50;False;False;True;False;607;36.50;8.50;True;False;False;False;1;35.089451637353704;0;35.089451637353704;35.089451637353704
12;61.50;3.50;False;False;True;False;608;37.50;8.50;True;False;False;False;3;34.71429052306121;0.28211041657968433;34.229076471716326;35.281760458070494
12;61.50;3.50;False;False;True;False;610;39.50;8.50;True;False;False;False;3;33.12610525091501;0.30420050610967553;32.668051959092736;33.73833013859894
12;61.50;3.50;False;False;True;False;611;40.50;8.50;True;False;False;False;1;33.091120695309655;0;33.091120695309655;33.091120695309655
12;61.50;3.50;False;False;True;False;612;41.50;8.50;True;False;False;False;3;31.610599705472094;0.02233088721467682;31.43910447809276;31.712867835323777
12;61.50;3.50;False;False;True;False;613;42.50;8.50;True;False;False;False;6;27.31312697123485;6.450987892358712;25.678481718863623;32.43908239895063
12;61.50;3.50;False;False;True;False;615;44.50;8.50;True;False;False;False;5;26.190871459573827;0.018677518508261243;26.06185744422328;26.377780972507026
12;61.50;3.50;False;False;True;False;616;45.50;8.50;True;False;False;False;1;28.985281374240003;0;28.985281374240003;28.985281374240003
12;61.50;3.50;False;False;True;False;618;47.50;8.50;True;False;False;False;2;28.0996356237315;0.5300776346195131;27.584816415358546;28.614454832104457
12;61.50;3.50;False;False;True;False;620;49.50;8.50;True;False;False;False;7;26.94542761967646;0.41589637903744087;26.40898268030287;28.24833013859825
12;61.50;3.50;False;False;True;False;622;51.50;8.50;True;False;False;False;1;25.04157367870357;0;25.04157367870357;25.04157367870357
12;61.50;3.50;False;False;True;False;623;52.50;8.50;True;False;False;False;3;19.72926005635327;0.05107114135790176;19.472222222223536;19.896763652810478
12;61.50;3.50;False;False;True;False;691;32.50;10.50;True;False;False;False;3;37.12660680451336;14.147717627551083;34.94527817950075;41.46981961009806
12;61.50;3.50;False;False;True;False;693;34.50;10.50;True;False;False;False;1;34.224071670061676;0;34.224071670061676;34.224071670061676
12;61.50;3.50;False;False;True;False;694;35.50;10.50;True;False;False;False;1;35.436233693240865;0;35.436233693240865;35.436233693240865
12;61.50;3.50;False;False;True;False;695;36.50;10.50;True;False;False;False;1;35.137503596455645;0;35.137503596455645;35.137503596455645
12;61.50;3.50;False;False;True;False;696;37.50;10.50;True;False;False;False;1;34.57093072120415;0;34.57093072120415;34.57093072120415
12;61.50;3.50;False;False;True;False;698;39.50;10.50;True;False;False;False;3;33.19281837067653;0.12140377559421575;32.951298693935314;33.59224460440964
12;61.50;3.50;False;False;True;False;699;40.50;10.50;True;False;False;False;2;32.47583773324186;0.02003945666245615;32.37573914018867;32.57593632629505
12;61.50;3.50;False;False;True;False;700;41.50;10.50;True;False;False;False;1;34.29564934696464;0;34.29564934696464;34.29564934696464
12;61.50;3.50;False;False;True;False;701;42.50;10.50;True;False;False;False;5;29.495679345445932;13.98023474775515;27.066087925542888;35.94721501028653
12;61.50;3.50;False;False;True;False;703;44.50;10.50;True;False;False;False;7;27.68247418029478;0.09151258102360255;27.357874763922155;28.03972581868129
12;61.50;3.50;False;False;True;False;704;45.50;10.50;True;False;False;False;1;32.35945883028762;0;32.35945883028762;32.35945883028762
12;61.50;3.50;False;False;True;False;705;46.50;10.50;True;False;False;False;1;31.23055555555038;0;31.23055555555038;31.23055555555038
12;61.50;3.50;False;False;True;False;706;47.50;10.50;True;False;False;False;3;27.96329569293289;0.07549325863234543;27.780304559905517;28.279243799101096
12;61.50;3.50;False;False;True;False;708;49.50;10.50;True;False;False;False;1;27.412397488336865;0;27.412397488336865;27.412397488336865
12;61.50;3.50;False;False;True;False;709;50.50;10.50;True;False;False;False;3;25.548315837896855;0.029401530594335933;25.35416626494225;25.679020790676077
12;61.50;3.50;False;False;True;False;710;51.50;10.50;True;False;False;False;2;25.449116174493383;0.006225055808293025;25.39332614039995;25.504906208586817
12;61.50;3.50;False;False;True;False;711;52.50;10.50;True;False;False;False;9;21.025234220458362;0.17491019563103408;20.65553372822069;21.69737598641177
12;61.50;3.50;False;False;True;False;735;32.50;11.50;True;False;False;False;3;35.05991402531496;0.05407723887039865;34.80028724384465;35.249079666453326
12;61.50;3.50;False;False;True;False;739;36.50;11.50;True;False;False;False;2;41.2715748743376;0.011001862780890706;41.19740661029937;41.34574313837584
12;61.50;3.50;False;False;True;False;745;42.50;11.50;True;False;False;False;6;33.58409855622191;133.90364103672823;27.878701306062794;57.08744452250539
12;61.50;3.50;False;False;True;False;747;44.50;11.50;True;False;False;False;1;28.566243541932636;0;28.566243541932636;28.566243541932636
12;61.50;3.50;False;False;True;False;748;45.50;11.50;True;False;False;False;5;34.35955523419052;3.6786748488631114;33.189444444443325;37.72897307711355
12;61.50;3.50;False;False;True;False;749;46.50;11.50;True;False;False;False;6;36.53062420163777;14.634971129191165;34.21222941514452;43.660799821049295
12;61.50;3.50;False;False;True;False;750;47.50;11.50;True;False;False;False;2;38.18610390865592;15.752568842055833;35.37963202726678;40.992575790045066
12;61.50;3.50;False;False;True;False;752;49.50;11.50;True;False;False;False;1;42.9910277073559;0;42.9910277073559;42.9910277073559
12;61.50;3.50;False;False;True;False;753;50.50;11.50;True;False;False;False;1;36.98517719516167;0;36.98517719516167;36.98517719516167
12;61.50;3.50;False;False;True;False;755;52.50;11.50;True;False;False;False;6;22.32468882542374;0.1292826860565113;21.961111111111677;22.925663732807152
12;61.50;3.50;False;False;True;False;823;32.50;13.50;True;False;False;False;3;36.36537063818105;0.3424994980954198;36.00759738787019;37.040743138379185
12;61.50;3.50;False;False;True;False;826;35.50;13.50;True;False;False;False;2;41.72856445604339;1.074346435096773;40.99564343877864;42.46148547330813
12;61.50;3.50;False;False;True;False;833;42.50;13.50;True;False;False;False;9;30.10401178488246;0.9859218794920359;29.14925686161814;31.98047215177212
12;61.50;3.50;False;False;True;False;835;44.50;13.50;True;False;False;False;8;30.37662147351068;1.7325550106592948;29.31324354010394;33.13333333333412
12;61.50;3.50;False;False;True;False;836;45.50;13.50;True;False;False;False;4;35.17872735082756;6.268087111583856;33.315649346963255;38.871572875246784
12;61.50;3.50;False;False;True;False;837;46.50;13.50;True;False;False;False;8;35.43360491774479;92.35650714889778;13.975461764151987;45.765093791413165
12;61.50;3.50;False;False;True;False;838;47.50;13.50;True;False;False;False;2;35.968094856638345;0.006330328971344402;35.91183506206289;36.0243546512138
12;61.50;3.50;False;False;True;False;840;49.50;13.50;True;False;False;False;3;36.70391082361615;1.7892505554800087;35.850739943654844;38.24554116971922
12;61.50;3.50;False;False;True;False;843;52.50;13.50;True;False;False;False;10;23.82869669448246;0.7011814434188843;23.163142555775266;26.128491322058835
12;61.50;3.50;False;False;True;False;867;32.50;14.50;True;False;False;False;2;37.02540888069234;0.824522017037717;36.38333333333139;37.667484428053285
12;61.50;3.50;False;False;True;False;869;34.50;14.50;True;False;False;False;1;37.1089826803036;0;37.1089826803036;37.1089826803036
12;61.50;3.50;False;False;True;False;872;37.50;14.50;True;False;False;False;1;38.15823873842601;0;38.15823873842601;38.15823873842601
12;61.50;3.50;False;False;True;False;876;41.50;14.50;True;False;False;False;1;41.648737573297694;0;41.648737573297694;41.648737573297694
12;61.50;3.50;False;False;True;False;879;44.50;14.50;True;False;False;False;2;30.08860457985884;0.22967329906134576;29.74972901341789;30.427480146299786
12;61.50;3.50;False;False;True;False;880;45.50;14.50;True;False;False;False;2;33.63259179232227;0.05983016066496238;33.459632027253974;33.80555155739057
12;61.50;3.50;False;False;True;False;881;46.50;14.50;True;False;False;False;2;34.03218251944054;6.016870513993671;32.2976983722092;35.76666666667188
12;61.50;3.50;False;False;True;False;882;47.50;14.50;True;False;False;False;1;32.22621289889139;0;32.22621289889139;32.22621289889139
12;61.50;3.50;False;False;True;False;884;49.50;14.50;True;False;False;False;2;30.856946041803894;0.0843451176223259;30.65158645763222;31.06230562597557
12;61.50;3.50;False;False;True;False;885;50.50;14.50;True;False;False;False;1;29.602777777772644;0;29.602777777772644;29.602777777772644
12;61.50;3.50;False;False;True;False;886;51.50;14.50;True;False;False;False;2;28.574051008069546;0.09439519203968039;28.356800930923782;28.79130108521531
12;61.50;3.50;False;False;True;False;887;52.50;14.50;True;False;False;False;3;23.854409482126965;0.29107914208596003;23.37497074705243;24.43863286497981
12;61.50;3.50;False;False;True;False;955;32.50;16.50;True;False;False;False;2;42.126310912025474;2.13870858939619;41.09221502928631;43.16040679476464
12;61.50;3.50;False;False;True;False;957;34.50;16.50;True;False;False;False;1;38.744819610092236;0;38.744819610092236;38.744819610092236
12;61.50;3.50;False;False;True;False;962;39.50;16.50;True;False;False;False;1;37.58259526109032;0;37.58259526109032;37.58259526109032
12;61.50;3.50;False;False;True;False;963;40.50;16.50;True;False;False;False;1;36.739628029087726;0;36.739628029087726;36.739628029087726
12;61.50;3.50;False;False;True;False;967;44.50;16.50;True;False;False;False;2;31.28954023494498;0.0024628677761612218;31.25444844262711;31.32463202726285
12;61.50;3.50;False;False;True;False;968;45.50;16.50;True;False;False;False;1;36.047590998401574;0;36.047590998401574;36.047590998401574
12;61.50;3.50;False;False;True;False;969;46.50;16.50;True;False;False;False;1;32.21398587503472;0;32.21398587503472;32.21398587503472
12;61.50;3.50;False;False;True;False;970;47.50;16.50;True;False;False;False;2;33.394955505108555;4.9528065709599085;31.821296302650808;34.9686147075663
12;61.50;3.50;False;False;True;False;972;49.50;16.50;True;False;False;False;1;30.087409805044445;0;30.087409805044445;30.087409805044445
12;61.50;3.50;False;False;True;False;974;51.50;16.50;True;False;False;False;1;29.033337331507937;0;29.033337331507937;29.033337331507937
12;61.50;3.50;False;False;True;False;975;52.50;16.50;True;False;False;False;4;27.991363638032453;2.6926498808522967;25.602777777772644;29.30703942195396
12;61.50;3.50;False;False;True;False;1009;42.50;17.50;True;False;False;False;4;32.73326239194671;0.25176218106056075;32.00360751464814;33.07249320879055
12;61.50;3.50;False;False;True;False;1012;45.50;17.50;True;False;False;False;3;38.821047250786556;6.530880085467806;37.34470982598941;41.77195203908195
12;61.50;3.50;False;False;True;False;1013;46.50;17.50;True;False;False;False;3;41.00445013134231;7.8704212918475704;38.20982467622889;43.82055555555053
12;61.50;3.50;False;False;True;False;1014;47.50;17.50;True;False;False;False;1;68.61426405452949;0;68.61426405452949;68.61426405452949
12;61.50;3.50;False;False;True;False;1016;49.50;17.50;True;False;False;False;1;42.30453504111574;0;42.30453504111574;42.30453504111574
12;61.50;3.50;False;False;True;False;1019;52.50;17.50;True;False;False;False;4;26.445765787546975;0.35465760679362024;25.621761261530537;26.92352091615976
12;61.50;3.50;False;False;True;False;1099;44.50;19.50;True;False;False;False;4;40.28632820043708;41.59953598153321;33.37976044095194;48.96852091615983
12;61.50;3.50;False;False;True;False;1100;45.50;19.50;True;False;False;False;1;42.75140367635322;0;42.75140367635322;42.75140367635322
12;61.50;3.50;False;False;True;False;1101;46.50;19.50;True;False;False;False;1;38.274170263128326;0;38.274170263128326;38.274170263128326
12;61.50;3.50;False;False;True;False;1107;52.50;19.50;True;False;False;False;2;28.545602852992488;1.537569657681717;27.66879909567797;29.422406610307007
12;61.50;3.50;False;False;True;False;1143;44.50;20.50;True;False;False;False;1;34.58945483210027;0;34.58945483210027;34.58945483210027
12;61.50;3.50;False;False;True;False;1148;49.50;20.50;True;False;False;False;1;34.1645238500314;0;34.1645238500314;34.1645238500314
12;61.50;3.50;False;False;True;False;1150;51.50;20.50;True;False;False;False;1;36.14642607763017;0;36.14642607763017;36.14642607763017
12;61.50;3.50;False;False;True;False;1151;52.50;20.50;True;False;False;False;3;30.472825472103068;9.256495627710692;27.98843831584236;33.866149211582524
12;61.50;3.50;False;False;True;False;1227;40.50;22.50;True;False;False;False;1;40.30267040398758;0;40.30267040398758;40.30267040398758
12;61.50;3.50;False;False;True;False;1231;44.50;22.50;True;False;False;False;1;35.06297416032612;0;35.06297416032612;35.06297416032612
12;61.50;3.50;False;False;True;False;1236;49.50;22.50;True;False;False;False;1;34.24722222222408;0;34.24722222222408;34.24722222222408
12;61.50;3.50;False;False;True;False;1237;50.50;22.50;True;False;False;False;1;34.01119531832592;0;34.01119531832592;34.01119531832592
12;61.50;3.50;False;False;True;False;1273;42.50;23.50;True;False;False;False;1;36.059538235851505;0;36.059538235851505;36.059538235851505
12;61.50;3.50;False;False;True;False;1283;52.50;23.50;True;False;False;False;2;30.673322945679047;0.002323827963273948;30.63923608631012;30.707409805047973
12;61.50;3.50;False;False;True;False;1371;52.50;25.50;True;False;False;False;2;32.27550706247894;3.402424916535788;30.971201707790897;33.57981241716698
12;61.50;3.50;False;False;True;False;1412;49.50;26.50;True;False;False;False;1;38.10129869392949;0;38.10129869392949;38.10129869392949
12;61.50;3.50;False;False;True;False;1414;51.50;26.50;True;False;False;False;1;37.14933082125026;0;37.14933082125026;37.14933082125026
28;61.50;9.50;False;False;True;False;302;39.50;1.50;True;False;False;False;1;32.46944044625343;0;32.46944044625343;32.46944044625343
28;61.50;9.50;False;False;True;False;310;47.50;1.50;True;False;False;False;1;25.051655451045008;0;25.051655451045008;25.051655451045008
28;61.50;9.50;False;False;True;False;312;49.50;1.50;True;False;False;False;2;26.688793892302783;7.170111400028555;24.795369560565632;28.582218224039934
28;61.50;9.50;False;False;True;False;315;52.50;1.50;True;False;False;False;1;22.827777777776646;0;22.827777777776646;22.827777777776646
28;61.50;9.50;False;False;True;False;341;34.50;2.50;True;False;False;False;2;36.84435424948788;0.1706822427104224;36.552222222220735;37.13648627675502
28;61.50;9.50;False;False;True;False;342;35.50;2.50;True;False;False;False;1;36.480250769192935;0;36.480250769192935;36.480250769192935
28;61.50;9.50;False;False;True;False;351;44.50;2.50;True;False;False;False;3;30.70200950360504;2.941472917075653;29.688896081813255;32.682226220409575
28;61.50;9.50;False;False;True;False;352;45.50;2.50;True;False;False;False;2;30.02981161371872;1.3124961531445654;29.21972021358397;30.839903013853473
28;61.50;9.50;False;False;True;False;353;46.50;2.50;True;False;False;False;1;28.13009778959531;0;28.13009778959531;28.13009778959531
28;61.50;9.50;False;False;True;False;354;47.50;2.50;True;False;False;False;3;24.505805665986827;0.10095738490244768;24.144350653026777;24.741031705538717
28;61.50;9.50;False;False;True;False;357;50.50;2.50;True;False;False;False;2;26.292777376052868;0.01429572319892803;26.208232348999445;26.37732240310629
28;61.50;9.50;False;False;True;False;359;52.50;2.50;True;False;False;False;2;24.27620530424906;0.003788210220982617;24.232683986363554;24.319726622134567
28;61.50;9.50;False;False;True;False;430;35.50;4.50;True;False;False;False;1;36.674298695761536;0;36.674298695761536;36.674298695761536
28;61.50;9.50;False;False;True;False;432;37.50;4.50;True;False;False;False;2;30.00524580675483;0.004224476967125012;29.959286710989545;30.051204902520112
28;61.50;9.50;False;False;True;False;437;42.50;4.50;True;False;False;False;1;31.054608841635854;0;31.054608841635854;31.054608841635854
28;61.50;9.50;False;False;True;False;439;44.50;4.50;True;False;False;False;2;29.67188436808101;0.0008118741395516114;29.65173648804921;29.69203224811281
28;61.50;9.50;False;False;True;False;441;46.50;4.50;True;False;False;False;1;31.149684530782906;0;31.149684530782906;31.149684530782906
28;61.50;9.50;False;False;True;False;442;47.50;4.50;True;False;False;False;3;26.230875226080418;7.375791428438964;23.095093791411728;27.82954782005254
28;61.50;9.50;False;False;True;False;444;49.50;4.50;True;False;False;False;1;22.651861442409427;0;22.651861442409427;22.651861442409427
28;61.50;9.50;False;False;True;False;446;51.50;4.50;True;False;False;False;2;25.216952163375936;0.07555066581954373;25.022593389687245;25.411310937064627
28;61.50;9.50;False;False;True;False;447;52.50;4.50;True;False;False;False;4;24.382705841622283;0.08285426191555034;24.016285915015033;24.63240502248118
28;61.50;9.50;False;False;True;False;466;27.50;5.50;True;False;False;False;2;35.865788034994694;0.4116082756777486;35.412131625540496;36.31944444444889
28;61.50;9.50;False;False;True;False;468;29.50;5.50;True;False;False;False;3;35.25586633792409;0.01216709541024139;35.1349968052491;35.351086337672314
28;61.50;9.50;False;False;True;False;469;30.50;5.50;True;False;False;False;1;39.47842712474085;0;39.47842712474085;39.47842712474085
28;61.50;9.50;False;False;True;False;476;37.50;5.50;True;False;False;False;9;30.265433869318812;18.362861234273076;28.654684287132113;41.68703863757946
28;61.50;9.50;False;False;True;False;478;39.50;5.50;True;False;False;False;7;29.876401771163568;2.1666288516215335;28.668150552146244;32.13198320204447
28;61.50;9.50;False;False;True;False;479;40.50;5.50;True;False;False;False;8;34.86000099717205;20.640330450971184;32.49490301385231;45.75759738787747
28;61.50;9.50;False;False;True;False;480;41.50;5.50;True;False;False;False;10;34.97722352845567;5.86455578443706;33.478524914343325;40.22268798454206
28;61.50;9.50;False;False;True;False;483;44.50;5.50;True;False;False;False;2;37.80365481208992;14.892207623204914;35.07489981913022;40.53240980504961
28;61.50;9.50;False;False;True;False;484;45.50;5.50;True;False;False;False;1;36.227800405493326;0;36.227800405493326;36.227800405493326
28;61.50;9.50;False;False;True;False;486;47.50;5.50;True;False;False;False;4;25.966833268128767;54.0206794735263;21.93950014269285;36.9714862767687
28;61.50;9.50;False;False;True;False;488;49.50;5.50;True;False;False;False;5;22.506845228469864;0.008796389608537682;22.351298693942226;22.606479083846352
28;61.50;9.50;False;False;True;False;489;50.50;5.50;True;False;False;False;15;27.313174064682745;16.747744864881273;23.27805595728205;40.857500401720245
28;61.50;9.50;False;False;True;False;490;51.50;5.50;True;False;False;False;10;29.744325609241514;41.419105157829286;26.447691179286267;47.53499999999258
28;61.50;9.50;False;False;True;False;491;52.50;5.50;True;False;False;False;4;20.7023791642618;3.840094579809747;19.54750679118297;23.632385031534795
28;61.50;9.50;False;False;True;False;554;27.50;7.50;True;False;False;False;6;35.635069800737256;16.032735250162045;33.4655555555546;43.76029095845297
28;61.50;9.50;False;False;True;False;556;29.50;7.50;True;False;False;False;2;48.24489341060416;0.9153019962251773;47.568394335872654;48.92139248533567
28;61.50;9.50;False;False;True;False;564;37.50;7.50;True;False;False;False;8;28.47946891184847;4.558299638902288;27.06323954191612;33.509430862051886
28;61.50;9.50;False;False;True;False;566;39.50;7.50;True;False;False;False;15;29.148288604746647;10.74116967774245;26.834535041123672;38.497958971142
28;61.50;9.50;False;False;True;False;567;40.50;7.50;True;False;False;False;13;35.14737247643863;20.46792151571784;32.42870849897736;48.645456640357224
28;61.50;9.50;False;False;True;False;568;41.50;7.50;True;False;False;False;6;37.12068154176632;71.54377713468483;33.19703303248298;54.370476149968454
28;61.50;9.50;False;False;True;False;569;42.50;7.50;True;False;False;False;1;35.27000080343714;0;35.27000080343714;35.27000080343714
28;61.50;9.50;False;False;True;False;571;44.50;7.50;True;False;False;False;2;36.052499607826576;0.44206507377848775;35.582358632278556;36.522640583374596
28;61.50;9.50;False;False;True;False;572;45.50;7.50;True;False;False;False;2;38.97247961691755;14.124395828601111;36.315000000005966;41.62995923382914
28;61.50;9.50;False;False;True;False;574;47.50;7.50;True;False;False;False;4;20.628828942522574;0.09157435724936752;20.285281374238366;21.023051959094687
28;61.50;9.50;False;False;True;False;576;49.50;7.50;True;False;False;False;6;20.759759215487218;0.17333561157920424;20.23398268029996;21.37769437402676
28;61.50;9.50;False;False;True;False;577;50.50;7.50;True;False;False;False;5;26.037836929793183;4.777342998733447;22.968167329271637;29.064260056355124
28;61.50;9.50;False;False;True;False;578;51.50;7.50;True;False;False;False;11;27.963008789872653;11.037095814768826;26.533576607091163;37.951389290616135
28;61.50;9.50;False;False;True;False;579;52.50;7.50;True;False;False;False;4;19.31090327993556;4.512921918052055;17.803701306062067;22.460090596679038
28;61.50;9.50;False;False;True;False;591;20.50;8.50;True;False;False;False;1;40.833053546917654;0;40.833053546917654;40.833053546917654
28;61.50;9.50;False;False;True;False;592;21.50;8.50;True;False;False;False;1;33.46518197772457;0;33.46518197772457;33.46518197772457
28;61.50;9.50;False;False;True;False;593;22.50;8.50;True;False;False;False;1;39.4775131806382;0;39.4775131806382;39.4775131806382
28;61.50;9.50;False;False;True;False;595;24.50;8.50;True;False;False;False;3;32.36204795393678;0.17999304651520265;31.872164376258297;32.60888888887348
28;61.50;9.50;False;False;True;False;596;25.50;8.50;True;False;False;False;1;31.085739943639055;0;31.085739943639055;31.085739943639055
28;61.50;9.50;False;False;True;False;597;26.50;8.50;True;False;False;False;1;30.25620490252186;0;30.25620490252186;30.25620490252186
28;61.50;9.50;False;False;True;False;598;27.50;8.50;True;False;False;False;2;29.76014267670689;0.003826903149307264;29.716399659268063;29.80388569414572
28;61.50;9.50;False;False;True;False;600;29.50;8.50;True;False;False;False;4;32.16977391479361;31.651432831427584;28.22732320655632;40.23518758281716
28;61.50;9.50;False;False;True;False;601;30.50;8.50;True;False;False;False;4;28.848196710523553;1.6899339438681205;27.676204902520112;30.656863313815848
28;61.50;9.50;False;False;True;False;602;31.50;8.50;True;False;False;False;1;27.13982680301615;0;27.13982680301615;27.13982680301615
28;61.50;9.50;False;False;True;False;603;32.50;8.50;True;False;False;False;3;27.112746513969796;0.30428772000618937;26.478982680295303;27.48481241716945
28;61.50;9.50;False;False;True;False;605;34.50;8.50;True;False;False;False;5;25.376963443764318;0.08270108950322298;25.111386095883063;25.750096986164863
28;61.50;9.50;False;False;True;False;606;35.50;8.50;True;False;False;False;5;24.564371392483462;0.12346031953452427;24.30166347193017;25.158333333325572
28;61.50;9.50;False;False;True;False;607;36.50;8.50;True;False;False;False;3;26.973609115192215;22.385462292148045;23.782868374455234;32.40953184638056
28;61.50;9.50;False;False;True;False;608;37.50;8.50;True;False;False;False;13;22.880592462361193;10.041561352448289;13.324996001814725;28.0154617641565
28;61.50;9.50;False;False;True;False;610;39.50;8.50;True;False;False;False;6;27.4378240071165;38.13614729947255;21.792316013634263;37.30620490251749
28;61.50;9.50;False;False;True;False;611;40.50;8.50;True;False;False;False;3;30.808558307971264;238.2122762210621;21.204076471714757;48.61186544060001
28;61.50;9.50;False;False;True;False;613;42.50;8.50;True;False;False;False;5;20.571353530200394;1.8347146800446;19.550649346962018;22.80277777777519
28;61.50;9.50;False;False;True;False;615;44.50;8.50;True;False;False;False;2;18.381731020198913;0.10520598902231383;18.152377593123674;18.611084447274152
28;61.50;9.50;False;False;True;False;616;45.50;8.50;True;False;False;False;3;29.234898480037373;350.6205056854917;18.401644284487702;50.85649266622204
28;61.50;9.50;False;False;True;False;617;46.50;8.50;True;False;False;False;2;33.22671515973616;497.5288454799678;17.454447639180216;48.9989826802921
28;61.50;9.50;False;False;True;False;618;47.50;8.50;True;False;False;False;8;17.173831465984335;2.058412254143579;16.257312818899663;20.589583784694696
28;61.50;9.50;False;False;True;False;620;49.50;8.50;True;False;False;False;4;15.18222381959108;0.1625852903452159;14.922412999783774;15.775555555555542
28;61.50;9.50;False;False;True;False;621;50.50;8.50;True;False;False;False;3;15.43737641142016;0.7600450202113379;14.798514526688194;16.430555555556566
28;61.50;9.50;False;False;True;False;622;51.50;8.50;True;False;False;False;3;14.667560263875506;1.2909627568055737;13.672222222222445;15.905458569406619
28;61.50;9.50;False;False;True;False;623;52.50;8.50;True;False;False;False;7;13.637420927316532;0.5128418089302849;13.001284308091272;15.037511592814553
28;61.50;9.50;False;False;True;False;680;21.50;10.50;True;False;False;False;1;36.842406610299804;0;36.842406610299804;36.842406610299804
28;61.50;9.50;False;False;True;False;681;22.50;10.50;True;False;False;False;1;33.30593072121337;0;33.30593072121337;33.30593072121337
28;61.50;9.50;False;False;True;False;683;24.50;10.50;True;False;False;False;1;44.91518758282291;0;44.91518758282291;44.91518758282291
28;61.50;9.50;False;False;True;False;685;26.50;10.50;True;False;False;False;3;32.280645348776794;3.094391797949894;30.2760173196948;33.56666986138589
28;61.50;9.50;False;False;True;False;686;27.50;10.50;True;False;False;False;2;31.819121368324886;2.4837548821310653;30.704725818681254;32.93351691796852
28;61.50;9.50;False;False;True;False;688;29.50;10.50;True;False;False;False;2;28.452434369990897;0.03653419404188647;28.317278545029694;28.5875901949521
28;61.50;9.50;False;False;True;False;689;30.50;10.50;True;False;False;False;5;31.476424243742258;19.394756705075245;28.15814974869454;37.820026625721766
28;61.50;9.50;False;False;True;False;690;31.50;10.50;True;False;False;False;3;31.28230046840751;11.910860204779578;27.4031961009714;34.012594193138284
28;61.50;9.50;False;False;True;False;691;32.50;10.50;True;False;False;False;7;30.536782676048784;35.23018102946606;26.45389208360939;43.00926405453356
28;61.50;9.50;False;False;True;False;693;34.50;10.50;True;False;False;False;3;28.772934096797673;31.729172879460567;25.427496403538726;35.276305886855425
28;61.50;9.50;False;False;True;False;694;35.50;10.50;True;False;False;False;3;28.070217781715353;31.868245156789733;24.3579653605957;34.56667066484988
28;61.50;9.50;False;False;True;False;695;36.50;10.50;True;False;False;False;2;24.112266717148827;0.44100237151709204;23.642691179286658;24.581842255010997
28;61.50;9.50;False;False;True;False;696;37.50;10.50;True;False;False;False;9;24.315543361538403;4.124712607991586;22.942871569191084;29.245562748474185
28;61.50;9.50;False;False;True;False;698;39.50;10.50;True;False;False;False;5;25.99059952210473;31.713116111433553;21.438795097474213;33.75444124971136
28;61.50;9.50;False;False;True;False;699;40.50;10.50;True;False;False;False;1;23.095093791409454;0;23.095093791409454;23.095093791409454
28;61.50;9.50;False;False;True;False;700;41.50;10.50;True;False;False;False;2;24.148286829833523;25.021761520705667;20.611214486729295;27.68535917293775
28;61.50;9.50;False;False;True;False;701;42.50;10.50;True;False;False;False;10;20.328262055456364;0.6999990206045773;19.541208097259414;22.504639220205718
28;61.50;9.50;False;False;True;False;703;44.50;10.50;True;False;False;False;3;18.762604930434804;0.00811583647577939;18.663929097150685;18.840458569407588
28;61.50;9.50;False;False;True;False;704;45.50;10.50;True;False;False;False;3;20.637462391415585;4.666798436203322;18.59814575049677;22.90118227174935
28;61.50;9.50;False;False;True;False;705;46.50;10.50;True;False;False;False;3;19.129967939097924;2.5391810607700585;17.552777777777692;20.739254470332526
28;61.50;9.50;False;False;True;False;706;47.50;10.50;True;False;False;False;7;17.937494727826042;4.519319239705145;16.443516917974193;22.58008340375909
28;61.50;9.50;False;False;True;False;708;49.50;10.50;True;False;False;False;7;15.299353052482306;0.17679708812603553;15.016573678706209;16.116385292432824
28;61.50;9.50;False;False;True;False;709;50.50;10.50;True;False;False;False;2;16.048425125658255;3.8062404571194253;14.668888888888915;17.427961362427595
28;61.50;9.50;False;False;True;False;710;51.50;10.50;True;False;False;False;1;13.516017319698278;0;13.516017319698278;13.516017319698278
28;61.50;9.50;False;False;True;False;711;52.50;10.50;True;False;False;False;8;14.317987905880727;2.5237893255167982;13.078607514653413;17.820096182727866
28;61.50;9.50;False;False;True;False;735;32.50;11.50;True;False;False;False;6;31.866738028632504;8.046506427151375;30.176939241072432;37.54759738786743
28;61.50;9.50;False;False;True;False;737;34.50;11.50;True;False;False;False;6;33.009331115941144;19.9750007964906;30.256760458076315;41.86469785044028
28;61.50;9.50;False;False;True;False;738;35.50;11.50;True;False;False;False;5;39.03907854544086;29.8439663503262;35.82676443725359;48.70139328879486
28;61.50;9.50;False;False;True;False;739;36.50;11.50;True;False;False;False;4;40.17888229379969;44.74795928817929;36.6577777777693;50.209252863432994
28;61.50;9.50;False;False;True;False;740;37.50;11.50;True;False;False;False;1;40.13685824768618;0;40.13685824768618;40.13685824768618
28;61.50;9.50;False;False;True;False;745;42.50;11.50;True;False;False;False;6;26.09078657472058;9.738008205948784;24.000452179931017;31.147976551712418
28;61.50;9.50;False;False;True;False;747;44.50;11.50;True;False;False;False;5;27.759064956037626;16.73443669139742;23.609192106245246;32.1126839863648
28;61.50;9.50;False;False;True;False;748;45.50;11.50;True;False;False;False;10;32.86631735013539;16.65338277171661;29.00407327697758;40.77148227857924
28;61.50;9.50;False;False;True;False;749;46.50;11.50;True;False;False;False;11;31.734234818968122;4.038461925186416;30.042594193129844;35.722593389684334
28;61.50;9.50;False;False;True;False;750;47.50;11.50;True;False;False;False;2;33.49748106299376;5.521894218723953;31.835871268438495;35.15909085754902
28;61.50;9.50;False;False;True;False;752;49.50;11.50;True;False;False;False;1;32.01685105474098;0;32.01685105474098;32.01685105474098
28;61.50;9.50;False;False;True;False;753;50.50;11.50;True;False;False;False;2;38.60464002359913;61.77803644450591;33.04685105475073;44.16242899244753
28;61.50;9.50;False;False;True;False;754;51.50;11.50;True;False;False;False;1;33.370459372854384;0;33.370459372854384;33.370459372854384
28;61.50;9.50;False;False;True;False;755;52.50;11.50;True;False;False;False;4;17.971810945464995;0.058765891397703524;17.708888888888396;18.294566988413862
28;61.50;9.50;False;False;True;False;823;32.50;13.50;True;False;False;False;10;36.26832898347621;8.175397160787476;32.28843751241584;41.40958404923549
28;61.50;9.50;False;False;True;False;825;34.50;13.50;True;False;False;False;3;36.87853529572476;53.407579040687175;32.29889820876997;45.306576069989205
28;61.50;9.50;False;False;True;False;826;35.50;13.50;True;False;False;False;6;38.38368433827721;15.340494944392827;35.8519544303781;46.257503596458264
28;61.50;9.50;False;False;True;False;827;36.50;13.50;True;False;False;False;3;47.5904019019866;146.95097495635343;37.810464958891316;61.15306315018461
28;61.50;9.50;False;False;True;False;830;39.50;13.50;True;False;False;False;1;38.32166347191742;0;38.32166347191742;38.32166347191742
28;61.50;9.50;False;False;True;False;833;42.50;13.50;True;False;False;False;10;27.454460214960818;9.718042107789426;25.316400462655565;35.25879190273963
28;61.50;9.50;False;False;True;False;835;44.50;13.50;True;False;False;False;11;26.43575433030256;4.735637842613179;25.222768978015665;32.458865703318224
28;61.50;9.50;False;False;True;False;836;45.50;13.50;True;False;False;False;8;32.17240353596978;17.759109375723707;29.19491340150853;39.81065254170403
28;61.50;9.50;False;False;True;False;837;46.50;13.50;True;False;False;False;9;36.47173739644508;34.65970602467848;30.049170263122505;45.625649346966384
28;61.50;9.50;False;False;True;False;838;47.50;13.50;True;False;False;False;7;32.74716516233746;4.0514813951146955;31.298334136778067;36.81509379141971
28;61.50;9.50;False;False;True;False;840;49.50;13.50;True;False;False;False;5;31.781594032448993;0.18721869776219946;31.425281374231417;32.53583692979555
28;61.50;9.50;False;False;True;False;841;50.50;13.50;True;False;False;False;3;35.1051520593719;6.873916097961348;33.32806315019843;38.116285111551406
28;61.50;9.50;False;False;True;False;842;51.50;13.50;True;False;False;False;2;34.12380109474725;0.08044089518238934;33.923250733014356;34.324351456480144
28;61.50;9.50;False;False;True;False;843;52.50;13.50;True;False;False;False;6;20.707830001218174;2.0189571725471263;19.33788195683519;23.22843031947923
28;61.50;9.50;False;False;True;False;867;32.50;14.50;True;False;False;False;3;34.21015152374457;1.9799300268844024;33.23389208362278;35.823055957276665
28;61.50;9.50;False;False;True;False;869;34.50;14.50;True;False;False;False;1;33.761663471923384;0;33.761663471923384;33.761663471923384
28;61.50;9.50;False;False;True;False;872;37.50;14.50;True;False;False;False;1;34.39805595728103;0;34.39805595728103;34.39805595728103
28;61.50;9.50;False;False;True;False;874;39.50;14.50;True;False;False;False;4;33.06520417087131;0.014788247143511148;32.96202824991633;33.239747142066335
28;61.50;9.50;False;False;True;False;877;42.50;14.50;True;False;False;False;2;26.59190114519606;0.4772137373193626;26.103427124740847;27.080375165651276
28;61.50;9.50;False;False;True;False;879;44.50;14.50;True;False;False;False;1;27.08424647395168;0;27.08424647395168;27.08424647395168
28;61.50;9.50;False;False;True;False;880;45.50;14.50;True;False;False;False;2;29.47106153571167;0.3762796543277749;29.037310654255634;29.904812417167705
28;61.50;9.50;False;False;True;False;881;46.50;14.50;True;False;False;False;1;28.518813481502548;0;28.518813481502548;28.518813481502548
28;61.50;9.50;False;False;True;False;882;47.50;14.50;True;False;False;False;3;28.00201003923515;0.19074499454879118;27.706762064981376;28.503705304246978
28;61.50;9.50;False;False;True;False;884;49.50;14.50;True;False;False;False;3;28.10797388626391;2.7945404755565932;26.37016600408606;29.70458539158244
28;61.50;9.50;False;False;True;False;885;50.50;14.50;True;False;False;False;2;25.959861713696682;0.3315860946909452;25.552684789810428;26.367038637582937
28;61.50;9.50;False;False;True;False;886;51.50;14.50;True;False;False;False;1;24.82843031948414;0;24.82843031948414;24.82843031948414
28;61.50;9.50;False;False;True;False;887;52.50;14.50;True;False;False;False;7;22.464374485397684;13.054800955845161;19.26379509747494;28.413896081807252
28;61.50;9.50;False;False;True;False;955;32.50;16.50;True;False;False;False;2;39.25893458892824;35.64886480019411;35.03703544279779;43.480833735058695
28;61.50;9.50;False;False;True;False;962;39.50;16.50;True;False;False;False;1;33.04593072120588;0;33.04593072120588;33.04593072120588
28;61.50;9.50;False;False;True;False;964;41.50;16.50;True;False;False;False;1;32.393149748681026;0;32.393149748681026;32.393149748681026
28;61.50;9.50;False;False;True;False;965;42.50;16.50;True;False;False;False;2;27.60676205544405;0.01593414500290523;27.517503596453025;27.696020514435077
28;61.50;9.50;False;False;True;False;967;44.50;16.50;True;False;False;False;1;28.431292304467206;0;28.431292304467206;28.431292304467206
28;61.50;9.50;False;False;True;False;968;45.50;16.50;True;False;False;False;2;29.567494404440367;0.3878443814828871;29.12712843079862;30.007860378082114
28;61.50;9.50;False;False;True;False;969;46.50;16.50;True;False;False;False;4;29.465904872547696;6.302330267256;28.08296536060402;33.22758378647086
28;61.50;9.50;False;False;True;False;970;47.50;16.50;True;False;False;False;4;27.699144076428183;0.12987774219240528;27.401667470110624;28.215404418584512
28;61.50;9.50;False;False;True;False;972;49.50;16.50;True;False;False;False;4;27.12571829401938;1.2253246331957262;26.2572222222243;28.7486147075723
28;61.50;9.50;False;False;True;False;973;50.50;16.50;True;False;False;False;1;29.540092184508012;0;29.540092184508012;29.540092184508012
28;61.50;9.50;False;False;True;False;974;51.50;16.50;True;False;False;False;1;25.43981241716756;0;25.43981241716756;25.43981241716756
28;61.50;9.50;False;False;True;False;975;52.50;16.50;True;False;False;False;9;22.713895760450935;4.065109372117469;21.008517721413227;25.670735945459455
28;61.50;9.50;False;False;True;False;1009;42.50;17.50;True;False;False;False;6;30.506067413315726;8.410303416778689;28.1380591520101;34.94453823585718
28;61.50;9.50;False;False;True;False;1011;44.50;17.50;True;False;False;False;5;31.674430593601574;15.960974002989321;28.417316013634263;38.3736083181102
28;61.50;9.50;False;False;True;False;1012;45.50;17.50;True;False;False;False;2;36.04712204135376;10.768311470516142;33.726743680987056;38.36750040172046
28;61.50;9.50;False;False;True;False;1013;46.50;17.50;True;False;False;False;1;34.211208097251074;0;34.211208097251074;34.211208097251074
28;61.50;9.50;False;False;True;False;1014;47.50;17.50;True;False;False;False;1;35.70481693525289;0;35.70481693525289;35.70481693525289
28;61.50;9.50;False;False;True;False;1016;49.50;17.50;True;False;False;False;2;36.26074434355178;0.07963005322768224;36.061207312868646;36.46028137423491
28;61.50;9.50;False;False;True;False;1017;50.50;17.50;True;False;False;False;2;37.57541846488675;0.4142995425941809;37.12028137422385;38.030555555549654
28;61.50;9.50;False;False;True;False;1019;52.50;17.50;True;False;False;False;7;22.60333477951313;0.022247352702476925;22.408427124748414;22.864284026371024
28;61.50;9.50;False;False;True;False;1097;42.50;19.50;True;False;False;False;1;30.338888888887595;0;30.338888888887595;30.338888888887595
28;61.50;9.50;False;False;True;False;1099;44.50;19.50;True;False;False;False;1;29.96126433623249;0;29.96126433623249;29.96126433623249
28;61.50;9.50;False;False;True;False;1101;46.50;19.50;True;False;False;False;1;35.82397948556172;0;35.82397948556172;35.82397948556172
28;61.50;9.50;False;False;True;False;1104;49.50;19.50;True;False;False;False;1;37.15482680300374;0;37.15482680300374;37.15482680300374
28;61.50;9.50;False;False;True;False;1105;50.50;19.50;True;False;False;False;1;41.38360192863183;0;41.38360192863183;41.38360192863183
28;61.50;9.50;False;False;True;False;1106;51.50;19.50;True;False;False;False;1;38.338059152014466;0;38.338059152014466;38.338059152014466
28;61.50;9.50;False;False;True;False;1107;52.50;19.50;True;False;False;False;6;24.129626609676507;3.7796609631520948;22.73805915201865;27.891677054329193
28;61.50;9.50;False;False;True;False;1141;42.50;20.50;True;False;False;False;2;29.989854530345838;0.01731415571812187;29.896811111131683;30.082897949559992
28;61.50;9.50;False;False;True;False;1143;44.50;20.50;True;False;False;False;1;30.063986678473157;0;30.063986678473157;30.063986678473157
28;61.50;9.50;False;False;True;False;1145;46.50;20.50;True;False;False;False;1;32.44759258627164;0;32.44759258627164;32.44759258627164
28;61.50;9.50;False;False;True;False;1146;47.50;20.50;True;False;False;False;2;31.486655343306666;0.046344268837306274;31.334431381925242;31.63887930468809
28;61.50;9.50;False;False;True;False;1148;49.50;20.50;True;False;False;False;1;30.619264054541418;0;30.619264054541418;30.619264054541418
28;61.50;9.50;False;False;True;False;1150;51.50;20.50;True;False;False;False;2;29.321478020479844;0.04151713526273717;29.177399681957468;29.46555635900222
28;61.50;9.50;False;False;True;False;1151;52.50;20.50;True;False;False;False;2;23.740399939141753;0.14673904735075363;23.46953184638187;24.011268031901636
28;61.50;9.50;False;False;True;False;1226;39.50;22.50;True;False;False;False;1;40.25037516564771;0;40.25037516564771;40.25037516564771
28;61.50;9.50;False;False;True;False;1232;45.50;22.50;True;False;False;False;1;33.36749640353446;0;33.36749640353446;33.36749640353446
28;61.50;9.50;False;False;True;False;1233;46.50;22.50;True;False;False;False;1;32.2146264221783;0;32.2146264221783;32.2146264221783
28;61.50;9.50;False;False;True;False;1237;50.50;22.50;True;False;False;False;2;31.20611111110702;1.4302348295969005;30.36046495886694;32.0517572633471
28;61.50;9.50;False;False;True;False;1238;51.50;22.50;True;False;False;False;1;29.450930721206532;0;29.450930721206532;29.450930721206532
28;61.50;9.50;False;False;True;False;1239;52.50;22.50;True;False;False;False;5;27.71019109893532;2.2902653184442974;25.039725818685838;28.69250040172119
28;61.50;9.50;False;False;True;False;1273;42.50;23.50;True;False;False;False;1;32.48713482027233;0;32.48713482027233;32.48713482027233
28;61.50;9.50;False;False;True;False;1283;52.50;23.50;True;False;False;False;2;28.250619762397946;2.1843183928359218;27.20555555555802;29.29568396923787
28;61.50;9.50;False;False;True;False;1371;52.50;25.50;True;False;False;False;2;29.854540234948672;9.569477866399055;27.6671356237257;32.041944846171646
28;61.50;9.50;False;False;True;False;1410;47.50;26.50;True;False;False;False;1;36.7360983321596;0;36.7360983321596;36.7360983321596
28;61.50;9.50;False;False;True;False;1413;50.50;26.50;True;False;False;False;1;36.63867972735534;0;36.63867972735534;36.63867972735534
28;61.50;9.50;False;False;True;False;1415;52.50;26.50;True;False;False;False;2;30.57999880432135;18.68649554857167;27.52332614041279;33.636671468229906
44;61.50;15.50;False;False;True;False;315;52.50;1.50;True;False;False;False;1;27.229538235853397;0;27.229538235853397;27.229538235853397
44;61.50;15.50;False;False;True;False;352;45.50;2.50;True;False;False;False;1;32.822222222213895;0;32.822222222213895;32.822222222213895
44;61.50;15.50;False;False;True;False;358;51.50;2.50;True;False;False;False;1;37.37583692979024;0;37.37583692979024;37.37583692979024
44;61.50;15.50;False;False;True;False;359;52.50;2.50;True;False;False;False;1;35.02435465121812;0;35.02435465121812;35.02435465121812
44;61.50;15.50;False;False;True;False;432;37.50;4.50;True;False;False;False;1;36.52952545695007;0;36.52952545695007;36.52952545695007
44;61.50;15.50;False;False;True;False;439;44.50;4.50;True;False;False;False;1;33.618476936226216;0;33.618476936226216;33.618476936226216
44;61.50;15.50;False;False;True;False;447;52.50;4.50;True;False;False;False;2;30.65120649988239;10.52386712587813;28.357316013625677;32.945096986139106
44;61.50;15.50;False;False;True;False;478;39.50;5.50;True;False;False;False;1;32.588702893885056;0;32.588702893885056;32.588702893885056
44;61.50;15.50;False;False;True;False;486;47.50;5.50;True;False;False;False;1;25.989350653029305;0;25.989350653029305;25.989350653029305
44;61.50;15.50;False;False;True;False;488;49.50;5.50;True;False;False;False;2;26.40741220586301;0.18380147723469373;26.10426085980407;26.71056355192195
44;61.50;15.50;False;False;True;False;489;50.50;5.50;True;False;False;False;3;30.164391857009832;0.5067611407819036;29.712850793861435;30.985010387656075
44;61.50;15.50;False;False;True;False;490;51.50;5.50;True;False;False;False;2;31.139170272633237;0.09852187416240013;30.917222222222335;31.36111832304414
44;61.50;15.50;False;False;True;False;491;52.50;5.50;True;False;False;False;3;26.203013770191017;23.552653374375723;23.266017319696402;31.804693852278433
44;61.50;15.50;False;False;True;False;566;39.50;7.50;True;False;False;False;1;31.381021317865816;0;31.381021317865816;31.381021317865816
44;61.50;15.50;False;False;True;False;574;47.50;7.50;True;False;False;False;4;27.080144148846557;16.900617516811646;24.47953743240214;33.20380468169242
44;61.50;15.50;False;False;True;False;576;49.50;7.50;True;False;False;False;3;25.055682318702868;0.24506890565329426;24.560472151810245;25.550560679330374
44;61.50;15.50;False;False;True;False;577;50.50;7.50;True;False;False;False;3;37.310806201628715;64.85888650044814;30.031388487167533;45.96214601137763
44;61.50;15.50;False;False;True;False;579;52.50;7.50;True;False;False;False;3;24.83644755858101;14.2090012618759;22.24110072345229;29.160196382660615
44;61.50;15.50;False;False;True;False;608;37.50;8.50;True;False;False;False;1;31.203706107697144;0;31.203706107697144;31.203706107697144
44;61.50;15.50;False;False;True;False;610;39.50;8.50;True;False;False;False;1;30.632902288456535;0;30.632902288456535;30.632902288456535
44;61.50;15.50;False;False;True;False;612;41.50;8.50;True;False;False;False;2;32.05923928105494;0.18739041047597657;31.753142555757222;32.36533600635266
44;61.50;15.50;False;False;True;False;613;42.50;8.50;True;False;False;False;1;31.0256421540289;0;31.0256421540289;31.0256421540289
44;61.50;15.50;False;False;True;False;615;44.50;8.50;True;False;False;False;1;32.65233705330684;0;32.65233705330684;32.65233705330684
44;61.50;15.50;False;False;True;False;617;46.50;8.50;True;False;False;False;1;28.34110391819104;0;28.34110391819104;28.34110391819104
44;61.50;15.50;False;False;True;False;618;47.50;8.50;True;False;False;False;3;27.445896262661336;7.3056805437543675;24.441847056568804;29.68102851079493
44;61.50;15.50;False;False;True;False;620;49.50;8.50;True;False;False;False;1;24.82574313837904;0;24.82574313837904;24.82574313837904
44;61.50;15.50;False;False;True;False;621;50.50;8.50;True;False;False;False;1;25.593464389950896;0;25.593464389950896;25.593464389950896
44;61.50;15.50;False;False;True;False;622;51.50;8.50;True;False;False;False;2;28.20314136012712;8.259082199841489;26.171014124956855;30.235268595297384
44;61.50;15.50;False;False;True;False;623;52.50;8.50;True;False;False;False;3;25.57178071043783;3.4925824987778022;24.342139621911883;27.72236477615661
44;61.50;15.50;False;False;True;False;696;37.50;10.50;True;False;False;False;3;34.532469935011854;64.50387530477397;29.673888888879446;43.80277777777519
44;61.50;15.50;False;False;True;False;698;39.50;10.50;True;False;False;False;2;32.27356900750419;9.9206305217001;30.046392485346587;34.5007455296618
44;61.50;15.50;False;False;True;False;699;40.50;10.50;True;False;False;False;1;32.4234271247351;0;32.4234271247351;32.4234271247351
44;61.50;15.50;False;False;True;False;700;41.50;10.50;True;False;False;False;1;31.740391139326675;0;31.740391139326675;31.740391139326675
44;61.50;15.50;False;False;True;False;701;42.50;10.50;True;False;False;False;1;30.928051959093864;0;30.928051959093864;30.928051959093864
44;61.50;15.50;False;False;True;False;705;46.50;10.50;True;False;False;False;3;28.8304975554103;0.3308981115132933;28.17000638946911;29.221666666664532
44;61.50;15.50;False;False;True;False;706;47.50;10.50;True;False;False;False;8;24.196558953755073;6.571183815467535;22.416553687784017;29.80898268029705
44;61.50;15.50;False;False;True;False;708;49.50;10.50;True;False;False;False;2;24.57462909336664;6.604901244967612;22.757364494447756;26.39189369228552
44;61.50;15.50;False;False;True;False;709;50.50;10.50;True;False;False;False;1;28.904539039309384;0;28.904539039309384;28.904539039309384
44;61.50;15.50;False;False;True;False;711;52.50;10.50;True;False;False;False;6;26.64038665911903;6.097331507371211;24.25944444443303;30.76389288707287
44;61.50;15.50;False;False;True;False;740;37.50;11.50;True;False;False;False;20;29.518464433417805;4.682505299493847;28.384919790965796;36.44873196809749
44;61.50;15.50;False;False;True;False;742;39.50;11.50;True;False;False;False;8;29.044390420814352;0.575114675488733;28.553427124739756;30.852871569195486
44;61.50;15.50;False;False;True;False;743;40.50;11.50;True;False;False;False;11;38.04770319177285;62.72562539748892;29.896760458068457;56.9430527625409
44;61.50;15.50;False;False;True;False;744;41.50;11.50;True;False;False;False;8;36.16111171131138;24.191472145967932;33.32647108747369;47.78536877616716
44;61.50;15.50;False;False;True;False;747;44.50;11.50;True;False;False;False;2;37.430873437842365;8.30551743142492;35.393041571443064;39.46870530424167
44;61.50;15.50;False;False;True;False;748;45.50;11.50;True;False;False;False;1;42.46751402214795;0;42.46751402214795;42.46751402214795
44;61.50;15.50;False;False;True;False;750;47.50;11.50;True;False;False;False;15;22.81351214226191;2.449866809049921;21.85222622040874;27.70018038991111
44;61.50;15.50;False;False;True;False;752;49.50;11.50;True;False;False;False;9;23.12921055983442;4.184709125115018;21.803055957281003;27.142038637586666
44;61.50;15.50;False;False;True;False;753;50.50;11.50;True;False;False;False;7;26.88568622832865;2.0581887335856015;25.879076471713688;29.689879828227276
44;61.50;15.50;False;False;True;False;754;51.50;11.50;True;False;False;False;10;30.539359657890248;38.6511474311323;26.688142555773084;43.7957431383802
44;61.50;15.50;False;False;True;False;755;52.50;11.50;True;False;False;False;9;20.12639334332941;2.0155574736745883;19.196201707785804;23.852553407990854
44;61.50;15.50;False;False;True;False;818;27.50;13.50;True;False;False;False;2;34.17532747601763;0.0848456531435207;33.96935945283985;34.3812954991954
44;61.50;15.50;False;False;True;False;820;29.50;13.50;True;False;False;False;1;53.37287795863449;0;53.37287795863449;53.37287795863449
44;61.50;15.50;False;False;True;False;828;37.50;13.50;True;False;False;False;11;30.244030399617795;15.99233287412276;27.01166347193248;37.795829736865926
44;61.50;15.50;False;False;True;False;830;39.50;13.50;True;False;False;False;14;29.02470789400846;18.957012027589187;26.746668254499355;42.6890756682551
44;61.50;15.50;False;False;True;False;831;40.50;13.50;True;False;False;False;10;35.81850211072368;17.122195937532176;32.30870450079851;44.7922190274694
44;61.50;15.50;False;False;True;False;832;41.50;13.50;True;False;False;False;9;35.42025067331997;10.970121907648743;33.27195684066828;42.982790556692635
44;61.50;15.50;False;False;True;False;833;42.50;13.50;True;False;False;False;1;45.621670664844714;0;45.621670664844714;45.621670664844714
44;61.50;15.50;False;False;True;False;838;47.50;13.50;True;False;False;False;15;21.865285906108237;6.887670541264231;20.22483667076449;28.14537516565906
44;61.50;15.50;False;False;True;False;840;49.50;13.50;True;False;False;False;14;22.037070378433853;22.455175788005544;16.28648308202628;33.12546895705964
44;61.50;15.50;False;False;True;False;841;50.50;13.50;True;False;False;False;7;26.773087017608827;1.342088905950543;25.840832931611658;29.252777777777737
44;61.50;15.50;False;False;True;False;842;51.50;13.50;True;False;False;False;9;30.396013113591607;45.736168266634586;26.67898268030217;43.68666666666286
44;61.50;15.50;False;False;True;False;843;52.50;13.50;True;False;False;False;9;18.763272908291654;2.1611143597193685;17.74472981687086;22.46333733150459
44;61.50;15.50;False;False;True;False;860;25.50;14.50;True;False;False;False;1;31.091020514417323;0;31.091020514417323;31.091020514417323
44;61.50;15.50;False;False;True;False;861;26.50;14.50;True;False;False;False;1;30.66037516563665;0;30.66037516563665;30.66037516563665
44;61.50;15.50;False;False;True;False;862;27.50;14.50;True;False;False;False;4;34.313772649162274;63.02264720072224;30.084267249265395;46.20861151282952
44;61.50;15.50;False;False;True;False;864;29.50;14.50;True;False;False;False;1;40.40949666622873;0;40.40949666622873;40.40949666622873
44;61.50;15.50;False;False;True;False;865;30.50;14.50;True;False;False;False;2;31.50278137423902;1.0464118164868481;30.779451637366947;32.226111111111095
44;61.50;15.50;False;False;True;False;866;31.50;14.50;True;False;False;False;5;29.07584410594427;5.0651622188698955;27.11343992275215;32.29781524637292
44;61.50;15.50;False;False;True;False;867;32.50;14.50;True;False;False;False;6;29.396638689156894;14.154554786212042;26.18057554645202;35.607604580767656
44;61.50;15.50;False;False;True;False;869;34.50;14.50;True;False;False;False;4;27.298959232441234;16.03500091729239;24.891666666662786;33.278978682103116
44;61.50;15.50;False;False;True;False;870;35.50;14.50;True;False;False;False;6;30.278725276003268;123.5076102314295;24.415000000002692;52.613888888881775
44;61.50;15.50;False;False;True;False;871;36.50;14.50;True;False;False;False;1;24.985281374240003;0;24.985281374240003;24.985281374240003
44;61.50;15.50;False;False;True;False;872;37.50;14.50;True;False;False;False;9;24.315483497266214;5.673080056281109;22.874819610093255;30.258333333331393
44;61.50;15.50;False;False;True;False;874;39.50;14.50;True;False;False;False;9;24.364504575528624;16.478076285426425;21.640024792566237;33.01935065302678
44;61.50;15.50;False;False;True;False;875;40.50;14.50;True;False;False;False;6;28.784075272894672;124.88419432124387;21.07880229039256;49.05055955373973
44;61.50;15.50;False;False;True;False;876;41.50;14.50;True;False;False;False;4;21.096627105635434;1.2721666980484434;20.23749640353344;22.754531846389
44;61.50;15.50;False;False;True;False;877;42.50;14.50;True;False;False;False;8;19.756427388885385;0.06557051237635562;19.369695440094688;20.16129949736569
44;61.50;15.50;False;False;True;False;879;44.50;14.50;True;False;False;False;3;20.59719681860679;8.687268669304835;18.487232609876628;23.964819610089762
44;61.50;15.50;False;False;True;False;880;45.50;14.50;True;False;False;False;2;17.866336799350847;0.0028344247052912975;17.828690918398934;17.90398268030276
44;61.50;15.50;False;False;True;False;881;46.50;14.50;True;False;False;False;1;20.535558750285418;0;20.535558750285418;20.535558750285418
44;61.50;15.50;False;False;True;False;882;47.50;14.50;True;False;False;False;6;19.385272182223993;31.499546973850546;16.31555555554587;30.56305515382701
44;61.50;15.50;False;False;True;False;884;49.50;14.50;True;False;False;False;5;16.030290111484646;2.004394881255803;15.259810025895604;18.543708498980777
44;61.50;15.50;False;False;True;False;885;50.50;14.50;True;False;False;False;3;17.880588419909753;8.43902527193185;14.879441249710908;20.678799095661816
44;61.50;15.50;False;False;True;False;886;51.50;14.50;True;False;False;False;2;28.22964376182601;361.98498703139745;14.776298693936809;41.682988829715214
44;61.50;15.50;False;False;True;False;887;52.50;14.50;True;False;False;False;3;15.95762172657563;0.50050334895511;15.370650150421625;16.74314575050994
44;61.50;15.50;False;False;True;False;949;26.50;16.50;True;False;False;False;2;47.18579043580576;547.1217198127541;30.64611510929535;63.72546576231616
44;61.50;15.50;False;False;True;False;950;27.50;16.50;True;False;False;False;1;38.60490620857854;0;38.60490620857854;38.60490620857854
44;61.50;15.50;False;False;True;False;952;29.50;16.50;True;False;False;False;3;34.55672644064422;41.86544508421823;29.325375165650257;41.7919440427122
44;61.50;15.50;False;False;True;False;953;30.50;16.50;True;False;False;False;4;36.39807980208889;84.24390188017617;27.524999999997817;49.25277777776864
44;61.50;15.50;False;False;True;False;954;31.50;16.50;True;False;False;False;4;30.84282467348521;41.2591160600262;27.41213162555141;40.471572875252605
44;61.50;15.50;False;False;True;False;955;32.50;16.50;True;False;False;False;6;31.71858322007817;28.264630205368746;26.781594473082805;37.80629869394397
44;61.50;15.50;False;False;True;False;957;34.50;16.50;True;False;False;False;4;25.464906877303747;0.2740042125029878;25.03332614041028;26.113517721421886
44;61.50;15.50;False;False;True;False;958;35.50;16.50;True;False;False;False;2;24.452409805046074;0.011221880170306123;24.377503596457245;24.527316013634902
44;61.50;15.50;False;False;True;False;959;36.50;16.50;True;False;False;False;3;24.593171689755156;1.6200929544305198;23.51508900884164;25.997312015453645
44;61.50;15.50;False;False;True;False;960;37.50;16.50;True;False;False;False;2;23.254170263129254;0.04622906315246987;23.102135623733375;23.406204902525133
44;61.50;15.50;False;False;True;False;962;39.50;16.50;True;False;False;False;7;23.32741989704196;2.2117452296285935;21.74510339469998;25.48926005635076
44;61.50;15.50;False;False;True;False;963;40.50;16.50;True;False;False;False;2;21.753472423087715;0.10945339735830385;21.51953504112589;21.987409805049538
44;61.50;15.50;False;False;True;False;964;41.50;16.50;True;False;False;False;7;21.436793418245575;1.8572406042680216;20.286181716855936;24.040650150420333
44;61.50;15.50;False;False;True;False;965;42.50;16.50;True;False;False;False;7;23.650569525496913;35.372345075746196;19.60333333332892;33.30592433172933
44;61.50;15.50;False;False;True;False;967;44.50;16.50;True;False;False;False;5;18.67143973920829;0.10035765400387488;18.361111111109494;19.184628832532326
44;61.50;15.50;False;False;True;False;968;45.50;16.50;True;False;False;False;4;22.80021203022079;40.73137521792311;17.637965360598173;31.1060285108033
44;61.50;15.50;False;False;True;False;969;46.50;16.50;True;False;False;False;2;32.63272968642866;496.460410465618;16.877406610312164;48.38805276254516
44;61.50;15.50;False;False;True;False;970;47.50;16.50;True;False;False;False;6;17.98850741407053;5.252379886108841;16.157225416953224;22.001663471924985
44;61.50;15.50;False;False;True;False;972;49.50;16.50;True;False;False;False;2;15.431107514655196;0.5462085416408604;14.90851372324505;15.95370130606534
44;61.50;15.50;False;False;True;False;973;50.50;16.50;True;False;False;False;2;19.23430695205934;46.34622645711441;14.4204609606968;24.048152943421883
44;61.50;15.50;False;False;True;False;974;51.50;16.50;True;False;False;False;2;14.789656550281961;1.2323629678008643;14.004684268032179;15.574628832531744
44;61.50;15.50;False;False;True;False;975;52.50;16.50;True;False;False;False;8;16.062252004077322;57.17433702134174;13.094999999997526;34.768427928199344
44;61.50;15.50;False;False;True;False;999;32.50;17.50;True;False;False;False;11;35.19557391462347;50.63429393934376;30.292597387870046;52.45463202726023
44;61.50;15.50;False;False;True;False;1001;34.50;17.50;True;False;False;False;7;33.71902473997294;19.92406147483831;30.489722623944544;43.281411114869115
44;61.50;15.50;False;False;True;False;1002;35.50;17.50;True;False;False;False;1;35.9469480409025;0;35.9469480409025;35.9469480409025
44;61.50;15.50;False;False;True;False;1003;36.50;17.50;True;False;False;False;1;40.90211804314822;0;40.90211804314822;40.90211804314822
44;61.50;15.50;False;False;True;False;1009;42.50;17.50;True;False;False;False;7;25.279364668999893;6.011706157532692;23.6538094833204;30.33275571775448
44;61.50;15.50;False;False;True;False;1011;44.50;17.50;True;False;False;False;12;26.415737187616042;21.45464421336247;23.553528109081526;38.276020514433185
44;61.50;15.50;False;False;True;False;1012;45.50;17.50;True;False;False;False;14;32.24382100098813;19.651709123956003;28.923152943421883;43.140743138383186
44;61.50;15.50;False;False;True;False;1013;46.50;17.50;True;False;False;False;11;30.993876147744192;2.3789821468082777;30.085649886085776;34.909451637351594
44;61.50;15.50;False;False;True;False;1014;47.50;17.50;True;False;False;False;6;32.40632929137428;2.419444118358158;30.94834052625447;34.91323954192194
44;61.50;15.50;False;False;True;False;1016;49.50;17.50;True;False;False;False;1;39.82685744422179;0;39.82685744422179;39.82685744422179
44;61.50;15.50;False;False;True;False;1017;50.50;17.50;True;False;False;False;3;35.49808923847437;3.46451815741149;33.45540679476471;37.09831255802419
44;61.50;15.50;False;False;True;False;1019;52.50;17.50;True;False;False;False;9;20.465629295467707;71.49173311328677;16.734538235854416;42.95479635088668
44;61.50;15.50;False;False;True;False;1087;32.50;19.50;True;False;False;False;2;32.48302651938775;0.12646027549486388;32.231570483971154;32.734482554804345
44;61.50;15.50;False;False;True;False;1089;34.50;19.50;True;False;False;False;2;35.30541846489268;16.93997941017899;32.395093791408726;38.21574313837664
44;61.50;15.50;False;False;True;False;1090;35.50;19.50;True;False;False;False;2;36.075599658246574;0.06814304498358822;35.891014928402;36.26018438809115
44;61.50;15.50;False;False;True;False;1091;36.50;19.50;True;False;False;False;1;45.84694484616921;0;45.84694484616921;45.84694484616921
44;61.50;15.50;False;False;True;False;1097;42.50;19.50;True;False;False;False;10;25.92118710266003;0.7761324884427885;25.268707695529883;28.189350653032307
44;61.50;15.50;False;False;True;False;1099;44.50;19.50;True;False;False;False;7;26.50209394615903;2.380373915064747;25.525551557374456;29.947788165434304
44;61.50;15.50;False;False;True;False;1100;45.50;19.50;True;False;False;False;10;30.648684307742172;8.34187996689416;26.94917026312669;36.27851772142276
44;61.50;15.50;False;False;True;False;1101;46.50;19.50;True;False;False;False;9;32.45892681502558;7.556690782514124;30.170739943646822;36.99685424948984
44;61.50;15.50;False;False;True;False;1102;47.50;19.50;True;False;False;False;6;33.86373958630884;14.955679689962176;31.878892887063557;41.73203463940263
44;61.50;15.50;False;False;True;False;1104;49.50;19.50;True;False;False;False;5;31.798038312378957;0.33820867022054535;31.37065653987156;32.8129597555062
44;61.50;15.50;False;False;True;False;1105;50.50;19.50;True;False;False;False;1;33.21926166316189;0;33.21926166316189;33.21926166316189
44;61.50;15.50;False;False;True;False;1107;52.50;19.50;True;False;False;False;2;19.957552089531646;0.3538209063431615;19.53694484616608;20.378159332897212
44;61.50;15.50;False;False;True;False;1139;40.50;20.50;True;False;False;False;1;39.585840124535025;0;39.585840124535025;39.585840124535025
44;61.50;15.50;False;False;True;False;1141;42.50;20.50;True;False;False;False;2;26.542691581023064;0.27958520163574635;26.168803093880342;26.916580068165786
44;61.50;15.50;False;False;True;False;1143;44.50;20.50;True;False;False;False;2;26.45217892297569;0.031691664125599366;26.326298693937133;26.578059152014248
44;61.50;15.50;False;False;True;False;1144;45.50;20.50;True;False;False;False;1;29.042283763701562;0;29.042283763701562;29.042283763701562
44;61.50;15.50;False;False;True;False;1145;46.50;20.50;True;False;False;False;4;28.393899544316128;0.055267294910637546;28.198897688726902;28.73297494481085
44;61.50;15.50;False;False;True;False;1146;47.50;20.50;True;False;False;False;4;28.20982719997187;0.33197963813843717;27.71231281890141;29.04194884435765
44;61.50;15.50;False;False;True;False;1148;49.50;20.50;True;False;False;False;2;26.62859420170298;0.07503317498580074;26.4349022104052;26.822286193000764
44;61.50;15.50;False;False;True;False;1149;50.50;20.50;True;False;False;False;2;26.269485744600843;0.6774324938372025;25.68749240536181;26.851479083839877
44;61.50;15.50;False;False;True;False;1150;51.50;20.50;True;False;False;False;2;25.449812818898863;0.038427851571458484;25.31119851305084;25.588427124746886
44;61.50;15.50;False;False;True;False;1151;52.50;20.50;True;False;False;False;6;19.35293036643073;0.03765847315738926;19.112218224045137;19.611760458082244
44;61.50;15.50;False;False;True;False;1226;39.50;22.50;True;False;False;False;1;32.98999680526322;0;32.98999680526322;32.98999680526322
44;61.50;15.50;False;False;True;False;1227;40.50;22.50;True;False;False;False;1;32.70809033398109;0;32.70809033398109;32.70809033398109
44;61.50;15.50;False;False;True;False;1228;41.50;22.50;True;False;False;False;1;34.963356519005174;0;34.963356519005174;34.963356519005174
44;61.50;15.50;False;False;True;False;1231;44.50;22.50;True;False;False;False;3;27.755462480010163;0.13308634339910957;27.388966687532047;28.118563007508783
44;61.50;15.50;False;False;True;False;1233;46.50;22.50;True;False;False;False;3;32.112621458759804;11.108117783660928;28.33731601363479;34.647127627373266
44;61.50;15.50;False;False;True;False;1234;47.50;22.50;True;False;False;False;1;27.581111111112477;0;27.581111111112477;27.581111111112477
44;61.50;15.50;False;False;True;False;1236;49.50;22.50;True;False;False;False;2;26.410471750076113;0.00555061626753598;26.357790556716736;26.46315294343549
44;61.50;15.50;False;False;True;False;1238;51.50;22.50;True;False;False;False;2;24.978377034302866;0.003942284668018183;24.933979485564123;25.02277458304161
44;61.50;15.50;False;False;True;False;1239;52.50;22.50;True;False;False;False;8;21.576778535566945;2.493748792861218;20.68620809725951;25.388795097481307
44;61.50;15.50;False;False;True;False;1273;42.50;23.50;True;False;False;False;2;29.738752199955343;4.920764830624241;28.170191581008112;31.307312818902574
44;61.50;15.50;False;False;True;False;1275;44.50;23.50;True;False;False;False;1;29.04870849899453;0;29.04870849899453;29.04870849899453
44;61.50;15.50;False;False;True;False;1283;52.50;23.50;True;False;False;False;2;22.137179324701208;0.003958390165167932;22.092691179284884;22.18166747011753
44;61.50;15.50;False;False;True;False;1371;52.50;25.50;True;False;False;False;2;24.261105123373227;0.036748667233167276;24.125553164270514;24.39665708247594
44;61.50;15.50;False;False;True;False;1408;45.50;26.50;True;False;False;False;1;33.0298827394754;0;33.0298827394754;33.0298827394754
44;61.50;15.50;False;False;True;False;1409;46.50;26.50;True;False;False;False;1;33.39113347446255;0;33.39113347446255;33.39113347446255
44;61.50;15.50;False;False;True;False;1412;49.50;26.50;True;False;False;False;2;30.877592194038698;0.353269506354697;30.457312818887658;31.297871569189738
44;61.50;15.50;False;False;True;False;1414;51.50;26.50;True;False;False;False;1;29.769725818674488;0;29.769725818674488;29.769725818674488
44;61.50;15.50;False;False;True;False;1415;52.50;26.50;True;False;False;False;2;23.849767520563546;0.433911034825871;23.38398268030687;24.31555236082022
60;61.50;21.50;False;False;True;False;447;52.50;4.50;True;False;False;False;2;33.60413709159138;0.08613174512252732;33.396613905992126;33.81166027719064
60;61.50;21.50;False;False;True;False;486;47.50;5.50;True;False;False;False;1;29.92083373501373;0;29.92083373501373;29.92083373501373
60;61.50;21.50;False;False;True;False;491;52.50;5.50;True;False;False;False;2;29.35862961788439;2.6351314613165617;28.210776957192138;30.50648227857664
60;61.50;21.50;False;False;True;False;574;47.50;7.50;True;False;False;False;1;29.154076471717417;0;29.154076471717417;29.154076471717417
60;61.50;21.50;False;False;True;False;576;49.50;7.50;True;False;False;False;2;33.547593791405234;36.252612499871134;29.2900937914128;37.80509379139767
60;61.50;21.50;False;False;True;False;579;52.50;7.50;True;False;False;False;2;26.039219157923526;0.04687778648042786;25.886121498763714;26.192316817083338
60;61.50;21.50;False;False;True;False;617;46.50;8.50;True;False;False;False;1;32.25647908384053;0;32.25647908384053;32.25647908384053
60;61.50;21.50;False;False;True;False;620;49.50;8.50;True;False;False;False;2;29.11310858079287;2.2301363733171367;28.05714068987072;30.169076471715016
60;61.50;21.50;False;False;True;False;623;52.50;8.50;True;False;False;False;2;33.16902757692333;45.86419577723873;28.380280570803734;37.95777458304292
60;61.50;21.50;False;False;True;False;696;37.50;10.50;True;False;False;False;1;33.58184225495279;0;33.58184225495279;33.58184225495279
60;61.50;21.50;False;False;True;False;705;46.50;10.50;True;False;False;False;1;35.293128689831065;0;35.293128689831065;35.293128689831065
60;61.50;21.50;False;False;True;False;706;47.50;10.50;True;False;False;False;1;26.53843031947963;0;26.53843031947963;26.53843031947963
60;61.50;21.50;False;False;True;False;709;50.50;10.50;True;False;False;False;1;30.371701005315117;0;30.371701005315117;30.371701005315117
60;61.50;21.50;False;False;True;False;711;52.50;10.50;True;False;False;False;2;31.489219951843552;17.85319098863958;28.50147908384315;34.47696081984395
60;61.50;21.50;False;False;True;False;750;47.50;11.50;True;False;False;False;3;26.547662420504366;0.2934752952224258;25.96742451303544;27.040187582825638
60;61.50;21.50;False;False;True;False;752;49.50;11.50;True;False;False;False;4;28.13367426175779;1.404740851881829;26.98722541695315;29.20684466528678
60;61.50;21.50;False;False;True;False;753;50.50;11.50;True;False;False;False;1;29.99869730788123;0;29.99869730788123;29.99869730788123
60;61.50;21.50;False;False;True;False;754;51.50;11.50;True;False;False;False;4;31.900422257455602;3.202624830495838;30.791225658784242;34.5506469556849
60;61.50;21.50;False;False;True;False;755;52.50;11.50;True;False;False;False;4;25.52107987864747;5.332222734967274;23.613003215552453;28.58511139651273
60;61.50;21.50;False;False;True;False;828;37.50;13.50;True;False;False;False;1;31.392871569183626;0;31.392871569183626;31.392871569183626
60;61.50;21.50;False;False;True;False;830;39.50;13.50;True;False;False;False;1;31.407409805040515;0;31.407409805040515;31.407409805040515
60;61.50;21.50;False;False;True;False;840;49.50;13.50;True;False;False;False;6;26.620118133292255;4.210548534922611;24.55129869393727;29.052222222220735
60;61.50;21.50;False;False;True;False;841;50.50;13.50;True;False;False;False;3;30.657074161032295;1.6528782371204815;29.81343031948063;32.13676045807733
60;61.50;21.50;False;False;True;False;842;51.50;13.50;True;False;False;False;2;32.25263868802358;5.668158798561917;30.569166264940577;33.936111111106584
60;61.50;21.50;False;False;True;False;843;52.50;13.50;True;False;False;False;3;22.30733139315286;0.13997492850875615;21.918419931822882;22.664685358748102
60;61.50;21.50;False;False;True;False;872;37.50;14.50;True;False;False;False;1;31.255632569835143;0;31.255632569835143;31.255632569835143
60;61.50;21.50;False;False;True;False;874;39.50;14.50;True;False;False;False;1;31.364628832538074;0;31.364628832538074;31.364628832538074
60;61.50;21.50;False;False;True;False;875;40.50;14.50;True;False;False;False;1;39.085844122710114;0;39.085844122710114;39.085844122710114
60;61.50;21.50;False;False;True;False;877;42.50;14.50;True;False;False;False;3;33.13920019419553;10.969021815058321;31.05444763916603;36.958152943425375
60;61.50;21.50;False;False;True;False;879;44.50;14.50;True;False;False;False;3;29.83746860227984;0.07771412116655618;29.673427124744194;30.159347458280536
60;61.50;21.50;False;False;True;False;880;45.50;14.50;True;False;False;False;1;31.19370849898769;0;31.19370849898769;31.19370849898769
60;61.50;21.50;False;False;True;False;882;47.50;14.50;True;False;False;False;4;24.436773508740032;0.2932157818505057;23.859406853860264;25.066392485349752
60;61.50;21.50;False;False;True;False;884;49.50;14.50;True;False;False;False;7;25.51080723863051;1.7979438556797573;23.9429901340809;27.554601365234703
60;61.50;21.50;False;False;True;False;885;50.50;14.50;True;False;False;False;3;26.31756718898335;0.6332856615992205;25.398708498989436;26.784722623950074
60;61.50;21.50;False;False;True;False;886;51.50;14.50;True;False;False;False;1;24.838159332899522;0;24.838159332899522;24.838159332899522
60;61.50;21.50;False;False;True;False;887;52.50;14.50;True;False;False;False;4;27.819161869792197;46.42468247925469;24.006760458078134;38.026937653243294
60;61.50;21.50;False;False;True;False;960;37.50;16.50;True;False;False;False;2;29.67087822994108;0.7064072138594719;29.076568877053433;30.26518758282873
60;61.50;21.50;False;False;True;False;962;39.50;16.50;True;False;False;False;1;29.805525735009724;0;29.805525735009724;29.805525735009724
60;61.50;21.50;False;False;True;False;963;40.50;16.50;True;False;False;False;2;35.56610911201187;11.63844840320247;33.153802290398744;37.978415933625
60;61.50;21.50;False;False;True;False;965;42.50;16.50;True;False;False;False;2;31.854628832533308;0.0002855113630572139;31.842680791625753;31.866576873440863
60;61.50;21.50;False;False;True;False;967;44.50;16.50;True;False;False;False;3;30.29487974005254;0.14195982639888843;29.96389608177924;30.704906208588
60;61.50;21.50;False;False;True;False;968;45.50;16.50;True;False;False;False;3;29.83916999530781;2.58330500515241;28.799170263122505;31.690374362197872
60;61.50;21.50;False;False;True;False;969;46.50;16.50;True;False;False;False;2;28.73630229040282;0.6230453282350084;28.17816013636184;29.294444444443798
60;61.50;21.50;False;False;True;False;970;47.50;16.50;True;False;False;False;3;22.841518873303965;0.05302248582385337;22.580555555556202;23.0161151093198
60;61.50;21.50;False;False;True;False;972;49.50;16.50;True;False;False;False;2;26.445972423073727;24.178959775035946;22.96897948556034;29.922965360587114
60;61.50;21.50;False;False;True;False;975;52.50;16.50;True;False;False;False;5;27.4010920314563;13.458508655903234;24.27056274847928;33.254256861619524
60;61.50;21.50;False;False;True;False;1004;37.50;17.50;True;False;False;False;11;30.98860058722841;9.833802839055178;28.705375165649457;39.12953104292137
60;61.50;21.50;False;False;True;False;1006;39.50;17.50;True;False;False;False;22;29.304896821383785;35.70973637130884;5.338888888898509;35.849913401489175
60;61.50;21.50;False;False;True;False;1007;40.50;17.50;True;False;False;False;9;35.67180833317727;40.66464269171693;29.888701306059374;50.61544659392894
60;61.50;21.50;False;False;True;False;1008;41.50;17.50;True;False;False;False;5;35.00861246554996;4.762530312067842;33.27109113926781;38.82075033128058
60;61.50;21.50;False;False;True;False;1009;42.50;17.50;True;False;False;False;1;35.740739943646986;0;35.740739943646986;35.740739943646986
60;61.50;21.50;False;False;True;False;1014;47.50;17.50;True;False;False;False;18;22.999123239310002;6.721870319191759;21.89046495888124;33.26796136240955
60;61.50;21.50;False;False;True;False;1016;49.50;17.50;True;False;False;False;21;23.284446879438192;4.50338432530238;21.817597387866044;30.281650673949116
60;61.50;21.50;False;False;True;False;1017;50.50;17.50;True;False;False;False;17;28.613539883366123;20.88085326140514;25.825929917773465;40.170079405568686
60;61.50;21.50;False;False;True;False;1018;51.50;17.50;True;False;False;False;17;30.23456815653688;82.3925804174646;26.59925286341786;54.49472581868031
60;61.50;21.50;False;False;True;False;1019;52.50;17.50;True;False;False;False;10;22.992431309022912;14.117049584200485;19.924632830723112;31.080833735053602
60;61.50;21.50;False;False;True;False;1092;37.50;19.50;True;False;False;False;8;28.760413668025592;3.0598838361130616;27.094076471701555;31.908430319479976
60;61.50;21.50;False;False;True;False;1094;39.50;19.50;True;False;False;False;13;28.218231477119424;3.8033679499773925;27.032428992464702;34.379451637360035
60;61.50;21.50;False;False;True;False;1095;40.50;19.50;True;False;False;False;4;37.231536100250196;23.03055898699582;32.95472581869035;41.97732640129834
60;61.50;21.50;False;False;True;False;1096;41.50;19.50;True;False;False;False;8;37.16026652055689;36.65790380865165;33.43146762822289;50.18991020676913
60;61.50;21.50;False;False;True;False;1097;42.50;19.50;True;False;False;False;1;34.570224369786956;0;34.570224369786956;34.570224369786956
60;61.50;21.50;False;False;True;False;1102;47.50;19.50;True;False;False;False;10;20.898511724151103;0.23477426204094837;20.195920314539762;21.405266988404037
60;61.50;21.50;False;False;True;False;1104;49.50;19.50;True;False;False;False;9;21.61660075942488;7.080447134670478;20.249812417177054;28.59647588910775
60;61.50;21.50;False;False;True;False;1105;50.50;19.50;True;False;False;False;8;29.66551928509574;40.84199653331354;25.814739401066618;42.09009379141298
60;61.50;21.50;False;False;True;False;1106;51.50;19.50;True;False;False;False;12;29.96604307695613;42.969184608914354;26.439749287795166;49.65768398635919
60;61.50;21.50;False;False;True;False;1107;52.50;19.50;True;False;False;False;9;19.596027653811436;20.035799464562363;17.724906208584798;31.500277376059785
60;61.50;21.50;False;False;True;False;1126;27.50;20.50;True;False;False;False;4;32.195779450328246;7.439756745756018;29.8075067911941;35.83567840216347
60;61.50;21.50;False;False;True;False;1128;29.50;20.50;True;False;False;False;4;28.69876145409853;0.20504754632007596;28.33713242898557;29.36094671390856
60;61.50;21.50;False;False;True;False;1129;30.50;20.50;True;False;False;False;3;28.086779210755594;0.18657994532708438;27.794646413112787;28.58295097476457
60;61.50;21.50;False;False;True;False;1130;31.50;20.50;True;False;False;False;1;30.150840927986792;0;30.150840927986792;30.150840927986792
60;61.50;21.50;False;False;True;False;1131;32.50;20.50;True;False;False;False;3;27.35423110731972;2.806828128958973;26.280721311044545;29.284725818670267
60;61.50;21.50;False;False;True;False;1133;34.50;20.50;True;False;False;False;3;28.070635581900813;13.179580929686928;25.855122563107216;32.260308293492926
60;61.50;21.50;False;False;True;False;1134;35.50;20.50;True;False;False;False;2;24.852174130875312;0.30412996531809494;24.462219027486412;25.242129234264212
60;61.50;21.50;False;False;True;False;1135;36.50;20.50;True;False;False;False;3;23.97868889616014;0.10489521443010913;23.78530693209359;24.35259419313843
60;61.50;21.50;False;False;True;False;1136;37.50;20.50;True;False;False;False;9;23.557763360447552;1.177640092773864;22.81824354010314;26.305332792577246
60;61.50;21.50;False;False;True;False;1138;39.50;20.50;True;False;False;False;10;22.66325801294745;5.318342621580277;21.624444444445544;29.15898268030287
60;61.50;21.50;False;False;True;False;1139;40.50;20.50;True;False;False;False;4;31.50279394277314;405.2376885611655;21.10491020677273;61.696452362757555
60;61.50;21.50;False;False;True;False;1140;41.50;20.50;True;False;False;False;6;25.425546125004075;131.6982367310924;20.300874194992502;48.837312818894134
60;61.50;21.50;False;False;True;False;1141;42.50;20.50;True;False;False;False;1;23.452594996589255;0;23.452594996589255;23.452594996589255
60;61.50;21.50;False;False;True;False;1143;44.50;20.50;True;False;False;False;2;18.770876632577256;0.20154838004492012;18.453427124745758;19.088326140408753
60;61.50;21.50;False;False;True;False;1144;45.50;20.50;True;False;False;False;1;18.055003194738674;0;18.055003194738674;18.055003194738674
60;61.50;21.50;False;False;True;False;1145;46.50;20.50;True;False;False;False;2;19.852511200590016;8.405615135749425;17.802436185407714;21.902586215772317
60;61.50;21.50;False;False;True;False;1146;47.50;20.50;True;False;False;False;9;17.31171275801166;3.2990367767832987;16.328162527623135;22.086111111110768
60;61.50;21.50;False;False;True;False;1148;49.50;20.50;True;False;False;False;9;16.31925511323359;3.7268659414287932;14.750187582822946;19.988239541922667
60;61.50;21.50;False;False;True;False;1149;50.50;20.50;True;False;False;False;3;14.595195402404357;0.1876272822215023;14.294381304689523;15.091666666666242
60;61.50;21.50;False;False;True;False;1150;51.50;20.50;True;False;False;False;1;13.776281916838343;0;13.776281916838343;13.776281916838343
60;61.50;21.50;False;False;True;False;1151;52.50;20.50;True;False;False;False;6;13.451356955545691;0.17893979760703796;12.872871569190465;13.904908599903138
60;61.50;21.50;False;False;True;False;1212;25.50;22.50;True;False;False;False;2;31.519680520343172;0.0859222988360666;31.312409805050265;31.72695123563608
60;61.50;21.50;False;False;True;False;1213;26.50;22.50;True;False;False;False;2;33.54626311207903;19.873733710480543;30.393983483740158;36.698542740417906
60;61.50;21.50;False;False;True;False;1214;27.50;22.50;True;False;False;False;2;34.591103124290385;43.11068199339939;29.948330138595338;39.23387610998543
60;61.50;21.50;False;False;True;False;1216;29.50;22.50;True;False;False;False;3;29.789137934409762;1.9903314712790163;28.418979485562886;31.23732320655472
60;61.50;21.50;False;False;True;False;1217;30.50;22.50;True;False;False;False;3;28.124439381355234;0.1770564204219765;27.776948040907882;28.59228324378273
60;61.50;21.50;False;False;True;False;1218;31.50;22.50;True;False;False;False;3;27.502619590396687;0.45725502577524735;27.088888888889414;28.282961362416245
60;61.50;21.50;False;False;True;False;1219;32.50;22.50;True;False;False;False;6;26.71798214405635;0.1688166140045348;26.12657526653129;27.313440707128393
60;61.50;21.50;False;False;True;False;1221;34.50;22.50;True;False;False;False;1;28.495187582824656;0;28.495187582824656;28.495187582824656
60;61.50;21.50;False;False;True;False;1222;35.50;22.50;True;False;False;False;2;24.445955466080704;1.7881461502823757E-05;24.44296536060574;24.44894557155567
60;61.50;21.50;False;False;True;False;1224;37.50;22.50;True;False;False;False;5;23.26763842054934;0.24022097023732253;22.84564934696391;24.087507594640556
60;61.50;21.50;False;False;True;False;1226;39.50;22.50;True;False;False;False;4;21.861040968408773;0.05870457611085765;21.702594193120603;22.222222222222456
60;61.50;21.50;False;False;True;False;1227;40.50;22.50;True;False;False;False;1;21.10978525239625;0;21.10978525239625;21.10978525239625
60;61.50;21.50;False;False;True;False;1229;42.50;22.50;True;False;False;False;3;20.136047231766344;0.41861785403966567;19.406559793803353;20.64044735923062
60;61.50;21.50;False;False;True;False;1231;44.50;22.50;True;False;False;False;1;18.365930721207405;0;18.365930721207405;18.365930721207405
60;61.50;21.50;False;False;True;False;1232;45.50;22.50;True;False;False;False;3;18.564845013710283;0.5567938632736549;18.1126839863673;19.426107916375486
60;61.50;21.50;False;False;True;False;1233;46.50;22.50;True;False;False;False;5;17.432927740034483;0.15252016713664446;17.08610550601952;18.019815611911326
60;61.50;21.50;False;False;True;False;1234;47.50;22.50;True;False;False;False;6;17.01305790595264;1.336449067552871;16.13388888888585;19.299264054545347
60;61.50;21.50;False;False;True;False;1236;49.50;22.50;True;False;False;False;2;15.280090194947206;0.054757571116766095;15.114624834347524;15.445555555546889
60;61.50;21.50;False;False;True;False;1237;50.50;22.50;True;False;False;False;4;15.529790365823342;3.7531830109147006;14.420093791412782;18.425649346965656
60;61.50;21.50;False;False;True;False;1238;51.50;22.50;True;False;False;False;1;13.826376492604368;0;13.826376492604368;13.826376492604368
60;61.50;21.50;False;False;True;False;1239;52.50;22.50;True;False;False;False;3;15.527896972802338;5.486155440556859;13.139909403322534;17.821568877068273
60;61.50;21.50;False;False;True;False;1263;32.50;23.50;True;False;False;False;6;32.74853588168055;27.167462780416262;30.24305915201694;43.3579621658555
60;61.50;21.50;False;False;True;False;1265;34.50;23.50;True;False;False;False;5;31.795553321146507;7.4861622455503625;30.260097789605425;36.61111510929186
60;61.50;21.50;False;False;True;False;1266;35.50;23.50;True;False;False;False;1;35.967774583048595;0;35.967774583048595;35.967774583048595
60;61.50;21.50;False;False;True;False;1273;42.50;23.50;True;False;False;False;9;23.849702221418738;0.13580704061861937;23.554975207445295;24.76603170553517
60;61.50;21.50;False;False;True;False;1275;44.50;23.50;True;False;False;False;7;25.912820029216068;11.933887083577646;23.632694374021412;33.153982680294575
60;61.50;21.50;False;False;True;False;1276;45.50;23.50;True;False;False;False;12;30.27623843006224;8.697196243421127;28.862868374455502;39.57972581868307
60;61.50;21.50;False;False;True;False;1277;46.50;23.50;True;False;False;False;16;31.217254466879695;4.180872246438015;30.01111111110913;37.248239541921066
60;61.50;21.50;False;False;True;False;1278;47.50;23.50;True;False;False;False;7;31.805237412015817;1.0198391945415461;30.856024512620934;33.83074313837642
60;61.50;21.50;False;False;True;False;1280;49.50;23.50;True;False;False;False;8;33.667930989891715;6.70564950170211;32.226204902519385;39.684921397881226
60;61.50;21.50;False;False;True;False;1281;50.50;23.50;True;False;False;False;3;35.44428839323276;18.829218878370163;32.840266988392614;40.45352491433732
60;61.50;21.50;False;False;True;False;1282;51.50;23.50;True;False;False;False;7;33.88212759500052;0.11688285255984032;33.53714201319235;34.32584412270808
60;61.50;21.50;False;False;True;False;1283;52.50;23.50;True;False;False;False;4;18.651184245515196;0.7502825631191299;17.954986918550276;19.858524110895814
60;61.50;21.50;False;False;True;False;1351;32.50;25.50;True;False;False;False;4;34.6667919636584;22.32523092910741;32.09430667309789;41.750093791401014
60;61.50;21.50;False;False;True;False;1353;34.50;25.50;True;False;False;False;3;38.09990674421715;21.641151632874198;32.769445247886324;41.340278179497545
60;61.50;21.50;False;False;True;False;1354;35.50;25.50;True;False;False;False;1;35.90453504112156;0;35.90453504112156;35.90453504112156
60;61.50;21.50;False;False;True;False;1356;37.50;25.50;True;False;False;False;1;38.6112915010126;0;38.6112915010126;38.6112915010126
60;61.50;21.50;False;False;True;False;1358;39.50;25.50;True;False;False;False;1;38.344257665066834;0;38.344257665066834;38.344257665066834
60;61.50;21.50;False;False;True;False;1361;42.50;25.50;True;False;False;False;8;28.274482798152775;12.576051038954343;25.083644623387954;35.080646152233385
60;61.50;21.50;False;False;True;False;1363;44.50;25.50;True;False;False;False;5;25.83358859949858;0.18189820699089426;25.411064758871362;26.267966164052268
60;61.50;21.50;False;False;True;False;1364;45.50;25.50;True;False;False;False;4;29.54690473690397;0.23974560247648552;29.26962963598089;30.278065541486967
60;61.50;21.50;False;False;True;False;1365;46.50;25.50;True;False;False;False;10;32.29906781186232;23.796069305279936;29.90491820314628;45.875649346966384
60;61.50;21.50;False;False;True;False;1366;47.50;25.50;True;False;False;False;6;31.87715774279028;0.20604828559010302;31.437492405351804;32.46176606316567
60;61.50;21.50;False;False;True;False;1368;49.50;25.50;True;False;False;False;9;33.0598936868816;11.812570669428675;31.41156568234146;42.16593072120486
60;61.50;21.50;False;False;True;False;1369;50.50;25.50;True;False;False;False;5;35.44583831549917;9.302360628341198;33.173253124311486;40.3760189265995
60;61.50;21.50;False;False;True;False;1370;51.50;25.50;True;False;False;False;3;33.911563010557074;0.2952100139506159;33.570850512182005;34.5381497486851
60;61.50;21.50;False;False;True;False;1371;52.50;25.50;True;False;False;False;9;19.724508412818068;0.1961295190798637;18.971673056130385;20.34447906672358
60;61.50;21.50;False;False;True;False;1395;32.50;26.50;True;False;False;False;2;39.35068266028975;92.72803914270305;32.54156968051393;46.15979564006557
60;61.50;21.50;False;False;True;False;1397;34.50;26.50;True;False;False;False;1;32.5994228656964;0;32.5994228656964;32.5994228656964
60;61.50;21.50;False;False;True;False;1398;35.50;26.50;True;False;False;False;2;42.85800546509563;9.748983125574037;40.65018038987182;45.06583054031944
60;61.50;21.50;False;False;True;False;1399;36.50;26.50;True;False;False;False;1;34.71870849898187;0;34.71870849898187;34.71870849898187
60;61.50;21.50;False;False;True;False;1400;37.50;26.50;True;False;False;False;4;35.229427988648695;2.4472103418909477;34.21195203908974;37.523533695097285
60;61.50;21.50;False;False;True;False;1402;39.50;26.50;True;False;False;False;4;34.95287356827839;7.676808568232156;33.35231920836304;39.10130269211368
60;61.50;21.50;False;False;True;False;1403;40.50;26.50;True;False;False;False;2;32.88189395227755;0.42771909458967866;32.41944444444471;33.344343460110395
60;61.50;21.50;False;False;True;False;1404;41.50;26.50;True;False;False;False;5;33.39630700405969;6.731578399835597;31.67605567557257;37.99269437402063
60;61.50;21.50;False;False;True;False;1405;42.50;26.50;True;False;False;False;3;27.48224789365001;4.380054991970367;26.07759019495097;29.887590998396263
60;61.50;21.50;False;False;True;False;1407;44.50;26.50;True;False;False;False;3;26.42986881677704;0.09472540497408752;26.07888888888192;26.65368292205312
60;61.50;21.50;False;False;True;False;1408;45.50;26.50;True;False;False;False;1;29.52805595728023;0;29.52805595728023;29.52805595728023
60;61.50;21.50;False;False;True;False;1409;46.50;26.50;True;False;False;False;1;28.258427124746277;0;28.258427124746277;28.258427124746277
60;61.50;21.50;False;False;True;False;1410;47.50;26.50;True;False;False;False;4;27.97167585391307;0.204313049577774;27.668979485565615;28.62836608413852
60;61.50;21.50;False;False;True;False;1412;49.50;26.50;True;False;False;False;7;26.63262967024684;0.22087997715298527;26.1324098050427;27.291666666666742
60;61.50;21.50;False;False;True;False;1413;50.50;26.50;True;False;False;False;3;25.604622168896487;0.026825494057550785;25.415646152232057;25.705555555556202
60;61.50;21.50;False;False;True;False;1414;51.50;26.50;True;False;False;False;2;22.89555755464926;9.185360535405925;20.752503596461793;25.038611512836724
60;61.50;21.50;False;False;True;False;1415;52.50;26.50;True;False;False;False;5;19.951961370038834;0.1272604773770443;19.38385455023672;20.318701306056028
76;0.50;6.50;False;True;False;False;272;9.50;1.50;True;False;False;False;1;19.70907647171407;0;19.70907647171407;19.70907647171407
76;0.50;6.50;False;True;False;False;274;11.50;1.50;True;False;False;False;3;25.99824300447229;0.10075213340831095;25.651948040907882;26.27537116746862
76;0.50;6.50;False;True;False;False;275;12.50;1.50;True;False;False;False;1;26.240100180882564;0;26.240100180882564;26.240100180882564
76;0.50;6.50;False;True;False;False;277;14.50;1.50;True;False;False;False;2;27.976020916159086;0.37603719135638763;27.54240980504892;28.409632027269254
76;0.50;6.50;False;True;False;False;278;15.50;1.50;True;False;False;False;1;28.306483082027626;0;28.306483082027626;28.306483082027626
76;0.50;6.50;False;True;False;False;280;17.50;1.50;True;False;False;False;1;26.437114044962073;0;26.437114044962073;26.437114044962073
76;0.50;6.50;False;True;False;False;282;19.50;1.50;True;False;False;False;1;26.844702633086854;0;26.844702633086854;26.844702633086854
76;0.50;6.50;False;True;False;False;321;14.50;2.50;True;False;False;False;1;31.413708498981578;0;31.413708498981578;31.413708498981578
76;0.50;6.50;False;True;False;False;324;17.50;2.50;True;False;False;False;1;25.81389927654891;0;25.81389927654891;25.81389927654891
76;0.50;6.50;False;True;False;False;326;19.50;2.50;True;False;False;False;1;25.179998412182613;0;25.179998412182613;25.179998412182613
76;0.50;6.50;False;True;False;False;412;17.50;4.50;True;False;False;False;1;24.9174098050471;0;24.9174098050471;24.9174098050471
76;0.50;6.50;False;True;False;False;414;19.50;4.50;True;False;False;False;2;23.941803757325488;0.0051029760749538204;23.891291501015985;23.99231601363499
76;0.50;6.50;False;True;False;False;449;10.50;5.50;True;False;False;False;1;14.224538235857835;0;14.224538235857835;14.224538235857835
76;0.50;6.50;False;True;False;False;450;11.50;5.50;True;False;False;False;1;15.357272572626243;0;15.357272572626243;15.357272572626243
76;0.50;6.50;False;True;False;False;451;12.50;5.50;True;False;False;False;2;15.473939381054151;0.7404725137482292;14.865468957061239;16.082409805047064
76;0.50;6.50;False;True;False;False;453;14.50;5.50;True;False;False;False;1;16.72676045807566;0;16.72676045807566;16.72676045807566
76;0.50;6.50;False;True;False;False;455;16.50;5.50;True;False;False;False;4;17.949911067597725;0.023953693392072394;17.747237660081737;18.124076471711305
76;0.50;6.50;False;True;False;False;458;19.50;5.50;True;False;False;False;3;20.327685319091113;0.23127186978852876;19.776760458075387;20.66342393000741
76;0.50;6.50;False;True;False;False;459;20.50;5.50;True;False;False;False;3;20.656364498088198;0.11337181119984052;20.455757769652337;21.04509379141018
76;0.50;6.50;False;True;False;False;460;21.50;5.50;True;False;False;False;6;21.37733004816808;0.23567340143575713;20.871785212508257;22.237965360603994
76;0.50;6.50;False;True;False;False;461;22.50;5.50;True;False;False;False;2;21.83574194274297;0.03992996605449928;21.694444444437977;21.977039441047964
76;0.50;6.50;False;True;False;False;463;24.50;5.50;True;False;False;False;1;23.493614707571396;0;23.493614707571396;23.493614707571396
76;0.50;6.50;False;True;False;False;465;26.50;5.50;True;False;False;False;2;24.58064934696813;0.02367274647046165;24.471854249490207;24.689444444446053
76;0.50;6.50;False;True;False;False;536;9.50;7.50;True;False;False;False;1;13.999535041122101;0;13.999535041122101;13.999535041122101
76;0.50;6.50;False;True;False;False;538;11.50;7.50;True;False;False;False;2;14.884589923661792;0.011630135136957041;14.808333333333621;14.960846513989964
76;0.50;6.50;False;True;False;False;541;14.50;7.50;True;False;False;False;1;16.387421799595813;0;16.387421799595813;16.387421799595813
76;0.50;6.50;False;True;False;False;542;15.50;7.50;True;False;False;False;1;28.405746333111892;0;28.405746333111892;28.405746333111892
76;0.50;6.50;False;True;False;False;543;16.50;7.50;True;False;False;False;1;17.878798292211286;0;17.878798292211286;17.878798292211286
76;0.50;6.50;False;True;False;False;544;17.50;7.50;True;False;False;False;4;18.471255997277126;0.01286369711507481;18.362965360603994;18.62668426631035
76;0.50;6.50;False;True;False;False;546;19.50;7.50;True;False;False;False;3;19.88364650598851;0.04456742373768457;19.759613394666303;20.127402612131846
76;0.50;6.50;False;True;False;False;547;20.50;7.50;True;False;False;False;2;20.359305756420326;0.029944384716139586;20.236944846166807;20.481666666673846
76;0.50;6.50;False;True;False;False;548;21.50;7.50;True;False;False;False;6;21.28103863695378;0.2527721743650614;20.72555955372445;22.071084730743678
76;0.50;6.50;False;True;False;False;549;22.50;7.50;True;False;False;False;2;23.08893738196366;2.4255040098075087;21.987687181099318;24.190187582828003
76;0.50;6.50;False;True;False;False;551;24.50;7.50;True;False;False;False;2;24.059890215843552;0.23948364069102474;23.71385290521721;24.405927526469895
76;0.50;6.50;False;True;False;False;552;25.50;7.50;True;False;False;False;2;23.767359714610393;0.0005584727734743179;23.750649346968203;23.784070082252583
76;0.50;6.50;False;True;False;False;580;9.50;8.50;True;False;False;False;1;17.90017480388451;0;17.90017480388451;17.90017480388451
76;0.50;6.50;False;True;False;False;582;11.50;8.50;True;False;False;False;3;27.05346344528728;2.941439361734921;25.834632027268526;29.01464719748037
76;0.50;6.50;False;True;False;False;583;12.50;8.50;True;False;False;False;5;20.699292618225446;0.17112316038874373;20.17777777777883;21.26259019495228
76;0.50;6.50;False;True;False;False;585;14.50;8.50;True;False;False;False;1;20.547316013634372;0;20.547316013634372;20.547316013634372
76;0.50;6.50;False;True;False;False;668;9.50;10.50;True;False;False;False;3;19.88644942058333;0.30469737540316544;19.543892887077163;20.523225959532283
76;0.50;6.50;False;True;False;False;669;10.50;10.50;True;False;False;False;2;27.18417066484608;0.3146781136302614;26.787510789366934;27.580830540325223
76;0.50;6.50;False;True;False;False;670;11.50;10.50;True;False;False;False;2;26.612088728012168;0.003074842855217403;26.572878762090113;26.651298693934223
76;0.50;6.50;False;True;False;False;673;14.50;10.50;True;False;False;False;3;22.415688600779806;0.26432694905102333;22.00205941286913;22.991298693938006
76;0.50;6.50;False;True;False;False;802;11.50;13.50;True;False;False;False;2;25.91949134014976;0.1751969837549352;25.623520916158668;26.215461764140855
76;0.50;6.50;False;True;False;False;932;9.50;16.50;True;False;False;False;1;24.550003194739475;0;24.550003194739475;24.550003194739475
92;0.50;12.50;False;True;False;False;449;10.50;5.50;True;False;False;False;1;24.824800441700063;0;24.824800441700063;24.824800441700063
92;0.50;12.50;False;True;False;False;450;11.50;5.50;True;False;False;False;1;27.000003998186003;0;27.000003998186003;27.000003998186003
92;0.50;12.50;False;True;False;False;536;9.50;7.50;True;False;False;False;1;20.24111111111779;0;20.24111111111779;20.24111111111779
92;0.50;12.50;False;True;False;False;580;9.50;8.50;True;False;False;False;1;19.29647908383413;0;19.29647908383413;19.29647908383413
92;0.50;12.50;False;True;False;False;588;17.50;8.50;True;False;False;False;2;25.438654410351774;3.5627157406656604E-07;25.43823234899719;25.439076471706358
92;0.50;12.50;False;True;False;False;590;19.50;8.50;True;False;False;False;1;25.403611512834686;0;25.403611512834686;25.403611512834686
92;0.50;12.50;False;True;False;False;668;9.50;10.50;True;False;False;False;1;18.164344263560906;0;18.164344263560906;18.164344263560906
92;0.50;12.50;False;True;False;False;675;16.50;10.50;True;False;False;False;1;30.230885172370108;0;30.230885172370108;30.230885172370108
92;0.50;12.50;False;True;False;False;676;17.50;10.50;True;False;False;False;2;24.090602451260565;0.21348350367782404;23.763888888886868;24.417316013634263
92;0.50;12.50;False;True;False;False;714;11.50;11.50;True;False;False;False;1;15.237868374453683;0;15.237868374453683;15.237868374453683
92;0.50;12.50;False;True;False;False;718;15.50;11.50;True;False;False;False;1;17.493614707571396;0;17.493614707571396;17.493614707571396
92;0.50;12.50;False;True;False;False;719;16.50;11.50;True;False;False;False;1;18.52574074709264;0;18.52574074709264;18.52574074709264
92;0.50;12.50;False;True;False;False;720;17.50;11.50;True;False;False;False;2;18.83712404043672;0.2847365528317229;18.459806831160677;19.214441249712763
92;0.50;12.50;False;True;False;False;722;19.50;11.50;True;False;False;False;6;20.274332050121;0.09066242210346462;19.74731601363601;20.650555555550454
92;0.50;12.50;False;True;False;False;723;20.50;11.50;True;False;False;False;4;22.485746331734617;5.094005226535636;20.24484599042262;25.125278179505585
92;0.50;12.50;False;True;False;False;724;21.50;11.50;True;False;False;False;9;21.74372238280052;1.8052290603824002;20.81833333333543;25.120701843170536
92;0.50;12.50;False;True;False;False;727;24.50;11.50;True;False;False;False;3;23.450317880912433;0.23505511107738852;23.151690911508922;24.009718625762616
92;0.50;12.50;False;True;False;False;728;25.50;11.50;True;False;False;False;4;23.807638090200953;0.12058521788294863;23.60425686160852;24.32740661031403
92;0.50;12.50;False;True;False;False;729;26.50;11.50;True;False;False;False;4;24.79461924354473;0.039059404797442444;24.579073276980125;25.03202824993059
92;0.50;12.50;False;True;False;False;730;27.50;11.50;True;False;False;False;1;25.380832128159454;0;25.380832128159454;25.380832128159454
92;0.50;12.50;False;True;False;False;800;9.50;13.50;True;False;False;False;1;13.890187582825547;0;13.890187582825547;13.890187582825547
92;0.50;12.50;False;True;False;False;802;11.50;13.50;True;False;False;False;4;21.696742137965273;197.88022768851326;14.180371167465012;42.78186756750256
92;0.50;12.50;False;True;False;False;803;12.50;13.50;True;False;False;False;2;15.309450039995681;0.19093861922241176;15.000468957061457;15.618431122929906
92;0.50;12.50;False;True;False;False;805;14.50;13.50;True;False;False;False;3;16.776501012183264;0.3459599874307064;16.164718625755995;17.337836369890283
92;0.50;12.50;False;True;False;False;807;16.50;13.50;True;False;False;False;3;20.338118217075436;20.58365299335898;17.68490620859302;25.57675726334128
92;0.50;12.50;False;True;False;False;808;17.50;13.50;True;False;False;False;3;18.48713455881754;0.00728768871271519;18.435007192922058;18.585653345148785
92;0.50;12.50;False;True;False;False;810;19.50;13.50;True;False;False;False;2;20.242318012725264;0.6305291881318617;19.680833735059423;20.803802290391104
92;0.50;12.50;False;True;False;False;811;20.50;13.50;True;False;False;False;3;20.645594362955915;0.11140665438848922;20.378705304254254;21.019838242695187
92;0.50;12.50;False;True;False;False;812;21.50;13.50;True;False;False;False;1;21.081941651431407;0;21.081941651431407;21.081941651431407
92;0.50;12.50;False;True;False;False;813;22.50;13.50;True;False;False;False;5;23.322814655394176;2.0328217545498144;22.574632027270127;25.867677596908834
92;0.50;12.50;False;True;False;False;816;25.50;13.50;True;False;False;False;3;24.056725999537775;0.0043331823473118595;23.989066084058322;24.120552360816873
92;0.50;12.50;False;True;False;False;844;9.50;14.50;True;False;False;False;2;18.144872503079455;0.08877469719693448;17.934189450608528;18.35555555555038
92;0.50;12.50;False;True;False;False;845;10.50;14.50;True;False;False;False;2;27.682222623944654;0.05299347144358105;27.519444444443252;27.845000803446055
92;0.50;12.50;False;True;False;False;846;11.50;14.50;True;False;False;False;1;25.83074394183177;0;25.83074394183177;25.83074394183177
92;0.50;12.50;False;True;False;False;849;14.50;14.50;True;False;False;False;1;21.091851858192967;0;21.091851858192967;21.091851858192967
92;0.50;12.50;False;True;False;False;932;9.50;16.50;True;False;False;False;1;19.866483082034392;0;19.866483082034392;19.866483082034392
92;0.50;12.50;False;True;False;False;935;12.50;16.50;True;False;False;False;2;22.220837761835355;0.04732425183696517;22.06701277713364;22.37466274653707
92;0.50;12.50;False;True;False;False;937;14.50;16.50;True;False;False;False;2;22.404673729148044;0.7288098354455953;21.801014124964695;23.008333333331393
92;0.50;12.50;False;True;False;False;1065;10.50;19.50;True;False;False;False;1;24.93278097251323;0;24.93278097251323;24.93278097251323
92;0.50;12.50;False;True;False;False;1066;11.50;19.50;True;False;False;False;1;25.466319071307225;0;25.466319071307225;25.466319071307225
92;0.50;12.50;False;True;False;False;1070;15.50;19.50;True;False;False;False;1;28.74870210951849;0;28.74870210951849;28.74870210951849
92;0.50;12.50;False;True;False;False;1111;12.50;20.50;True;False;False;False;1;24.96462883251661;0;24.96462883251661;24.96462883251661
108;0.50;18.50;False;True;False;False;800;9.50;13.50;True;False;False;False;2;19.43032867166039;0.27360305855709843;19.0604617641402;19.80019557918058
108;0.50;18.50;False;True;False;False;802;11.50;13.50;True;False;False;False;1;26.52305595726284;0;26.52305595726284;26.52305595726284
108;0.50;18.50;False;True;False;False;803;12.50;13.50;True;False;False;False;1;26.68842393000159;0;26.68842393000159;26.68842393000159
108;0.50;18.50;False;True;False;False;810;19.50;13.50;True;False;False;False;1;26.061301888694288;0;26.061301888694288;26.061301888694288
108;0.50;18.50;False;True;False;False;851;16.50;14.50;True;False;False;False;1;29.280468153608126;0;29.280468153608126;29.280468153608126
108;0.50;18.50;False;True;False;False;852;17.50;14.50;True;False;False;False;1;26.449725818682055;0;26.449725818682055;26.449725818682055
108;0.50;18.50;False;True;False;False;854;19.50;14.50;True;False;False;False;3;25.74990993895638;0.2916898954343712;25.433423930013305;26.37352091615685
108;0.50;18.50;False;True;False;False;932;9.50;16.50;True;False;False;False;1;17.883152943431014;0;17.883152943431014;17.883152943431014
108;0.50;18.50;False;True;False;False;939;16.50;16.50;True;False;False;False;1;29.531576873438098;0;29.531576873438098;29.531576873438098
108;0.50;18.50;False;True;False;False;940;17.50;16.50;True;False;False;False;2;24.725177856832488;1.9627854786127685;23.734525173342263;25.715830540322713
108;0.50;18.50;False;True;False;False;942;19.50;16.50;True;False;False;False;5;24.040391685712166;0.20816725043953568;23.558333333328846;24.684357845952036
108;0.50;18.50;False;True;False;False;976;9.50;17.50;True;False;False;False;3;13.624317259403918;0.47466024747846036;12.988888888886777;14.356559292864404
108;0.50;18.50;False;True;False;False;979;12.50;17.50;True;False;False;False;1;15.555184388089401;0;15.555184388089401;15.555184388089401
108;0.50;18.50;False;True;False;False;981;14.50;17.50;True;False;False;False;4;18.76913822584976;12.203188859504632;16.43045537467333;23.969062889334964
108;0.50;18.50;False;True;False;False;982;15.50;17.50;True;False;False;False;1;17.009338033207314;0;17.009338033207314;17.009338033207314
108;0.50;18.50;False;True;False;False;983;16.50;17.50;True;False;False;False;2;18.03750199909109;0.008045595047177207;17.97407647170985;18.100927526472333
108;0.50;18.50;False;True;False;False;986;19.50;17.50;True;False;False;False;3;19.910157919566092;0.0130940946838221;19.780746333111892;19.99796296932618
108;0.50;18.50;False;True;False;False;987;20.50;17.50;True;False;False;False;5;20.72296632092475;0.1511805083027511;20.17777777777519;21.101399678267626
108;0.50;18.50;False;True;False;False;988;21.50;17.50;True;False;False;False;5;21.66051889736955;0.31041464109967454;21.10094166707404;22.35990114244487
108;0.50;18.50;False;True;False;False;989;22.50;17.50;True;False;False;False;7;23.003854134445124;2.223524278659372;21.89360032174227;26.266666666662786
108;0.50;18.50;False;True;False;False;991;24.50;17.50;True;False;False;False;3;23.450035261992525;0.052022450197181366;23.186760458082063;23.5877745830403
108;0.50;18.50;False;True;False;False;992;25.50;17.50;True;False;False;False;4;24.085392620987932;0.13968758662353165;23.56054836263138;24.406573678699715
108;0.50;18.50;False;True;False;False;1066;11.50;19.50;True;False;False;False;2;14.429765923192235;0.0012823545721404343;14.40444444444256;14.45508740194191
108;0.50;18.50;False;True;False;False;1067;12.50;19.50;True;False;False;False;2;15.837318012723586;0.1515539510075615;15.56204183230875;16.11259419313842
108;0.50;18.50;False;True;False;False;1071;16.50;19.50;True;False;False;False;2;18.621705296443906;0.026091241901252865;18.507487868042517;18.735922724845295
108;0.50;18.50;False;True;False;False;1074;19.50;19.50;True;False;False;False;3;20.487129253378043;0.14835659761331518;20.094237428817905;20.864084468073997
108;0.50;18.50;False;True;False;False;1075;20.50;19.50;True;False;False;False;1;20.399264054540254;0;20.399264054540254;20.399264054540254
108;0.50;18.50;False;True;False;False;1076;21.50;19.50;True;False;False;False;2;21.359724221314536;0.38426942151335236;20.921392485346587;21.798055957282486
108;0.50;18.50;False;True;False;False;1077;22.50;19.50;True;False;False;False;4;22.057478149515873;0.1264697458508896;21.72991020677273;22.43203463939426
108;0.50;18.50;False;True;False;False;1080;25.50;19.50;True;False;False;False;5;24.09343442345853;0.19416702426956417;23.68863733532089;24.768614707565575
108;0.50;18.50;False;True;False;False;1108;9.50;20.50;True;False;False;False;1;17.89722222221826;0;17.89722222221826;17.89722222221826
108;0.50;18.50;False;True;False;False;1109;10.50;20.50;True;False;False;False;3;27.14701758178838;0.4141185827465591;26.599541430592126;27.855865965986595
108;0.50;18.50;False;True;False;False;1110;11.50;20.50;True;False;False;False;1;26.545290958449186;0;26.545290958449186;26.545290958449186
108;0.50;18.50;False;True;False;False;1111;12.50;20.50;True;False;False;False;1;21.182596584421617;0;21.182596584421617;21.182596584421617
108;0.50;18.50;False;True;False;False;1113;14.50;20.50;True;False;False;False;1;20.801960035409138;0;20.801960035409138;20.801960035409138
108;0.50;18.50;False;True;False;False;1121;22.50;20.50;True;False;False;False;1;30.199253666883124;0;30.199253666883124;30.199253666883124
108;0.50;18.50;False;True;False;False;1197;10.50;22.50;True;False;False;False;1;27.147500401723846;0;27.147500401723846;27.147500401723846
108;0.50;18.50;False;True;False;False;1198;11.50;22.50;True;False;False;False;2;25.772732479439128;0.02281357436168452;25.665929917761787;25.87953504111647
108;0.50;18.50;False;True;False;False;1240;9.50;23.50;True;False;False;False;1;24.371933655062094;0;24.371933655062094;24.371933655062094
108;0.50;18.50;False;True;False;False;1328;9.50;25.50;True;False;False;False;1;24.501392485341057;0;24.501392485341057;24.501392485341057
108;0.50;18.50;False;True;False;False;1331;12.50;25.50;True;False;False;False;1;24.516666666662786;0;24.516666666662786;24.516666666662786
124;0.50;24.50;False;True;False;False;982;15.50;17.50;True;False;False;False;1;29.27647588910986;0;29.27647588910986;29.27647588910986
124;0.50;24.50;False;True;False;False;1066;11.50;19.50;True;False;False;False;1;26.188795097472394;0;26.188795097472394;26.188795097472394
124;0.50;24.50;False;True;False;False;1067;12.50;19.50;True;False;False;False;1;26.98427392231315;0;26.98427392231315;26.98427392231315
124;0.50;24.50;False;True;False;False;1071;16.50;19.50;True;False;False;False;1;29.433065541480573;0;29.433065541480573;29.433065541480573
124;0.50;24.50;False;True;False;False;1074;19.50;19.50;True;False;False;False;1;26.84804822523256;0;26.84804822523256;26.84804822523256
124;0.50;24.50;False;True;False;False;1115;16.50;20.50;True;False;False;False;1;29.180607796319237;0;29.180607796319237;29.180607796319237
124;0.50;24.50;False;True;False;False;1116;17.50;20.50;True;False;False;False;2;25.456668665759707;0.2179211827128465;25.126576873440627;25.78676045807879
124;0.50;24.50;False;True;False;False;1118;19.50;20.50;True;False;False;False;6;25.83922595227432;0.19252230590608754;25.346479887288297;26.482491601924266
124;0.50;24.50;False;True;False;False;1196;9.50;22.50;True;False;False;False;2;18.742413401505246;0.31249536481258916;18.34713162554499;19.137695177465503
124;0.50;24.50;False;True;False;False;1203;16.50;22.50;True;False;False;False;1;29.33943805497256;0;29.33943805497256;29.33943805497256
124;0.50;24.50;False;True;False;False;1206;19.50;22.50;True;False;False;False;3;23.956843849162095;0.3376584471875733;23.532200605444814;24.61907327697827
124;0.50;24.50;False;True;False;False;1241;10.50;23.50;True;False;False;False;2;14.014538235857117;0.3917721613355069;13.571948040905;14.457128430809234
124;0.50;24.50;False;True;False;False;1246;15.50;23.50;True;False;False;False;2;17.387701297499916;0.014665691121336555;17.302069261668294;17.47333333333154
124;0.50;24.50;False;True;False;False;1247;16.50;23.50;True;False;False;False;1;17.770094594854527;0;17.770094594854527;17.770094594854527
124;0.50;24.50;False;True;False;False;1248;17.50;23.50;True;False;False;False;1;18.50812736649823;0;18.50812736649823;18.50812736649823
124;0.50;24.50;False;True;False;False;1251;20.50;23.50;True;False;False;False;3;30.11845110404041;262.00109502931736;20.44296536060392;48.80501438584179
124;0.50;24.50;False;True;False;False;1252;21.50;23.50;True;False;False;False;4;21.378247231268233;0.06868988469991089;21.081389669459895;21.657868374451937
124;0.50;24.50;False;True;False;False;1253;22.50;23.50;True;False;False;False;3;22.194817480272075;0.08566926703215245;21.962965360607996;22.52370530424878
124;0.50;24.50;False;True;False;False;1255;24.50;23.50;True;False;False;False;5;24.28736526007815;5.050847970029024;23.065743138373364;28.254830801198295
124;0.50;24.50;False;True;False;False;1256;25.50;23.50;True;False;False;False;4;24.227455701199688;0.2889283554350556;23.758333333331393;24.728982680295303
124;0.50;24.50;False;True;False;False;1257;26.50;23.50;True;False;False;False;6;24.87260605696656;0.12448858487702072;24.30510658941421;25.314170263118285
124;0.50;24.50;False;True;False;False;1258;27.50;23.50;True;False;False;False;2;25.46615041216728;0.05296086194490541;25.30342232309704;25.628878501237523
124;0.50;24.50;False;True;False;False;1328;9.50;25.50;True;False;False;False;1;18.152222222224736;0;18.152222222224736;18.152222222224736
124;0.50;24.50;False;True;False;False;1329;10.50;25.50;True;False;False;False;2;13.746987743696536;0.010823269367038936;13.673423930013996;13.820551557379076
124;0.50;24.50;False;True;False;False;1330;11.50;25.50;True;False;False;False;1;15.048520916159305;0;15.048520916159305;15.048520916159305
124;0.50;24.50;False;True;False;False;1331;12.50;25.50;True;False;False;False;2;15.391322271799254;0.22058726669336104;15.05921741885868;15.723427124739828
124;0.50;24.50;False;True;False;False;1333;14.50;25.50;True;False;False;False;1;16.402660800727972;0;16.402660800727972;16.402660800727972
124;0.50;24.50;False;True;False;False;1334;15.50;25.50;True;False;False;False;2;17.502651348808286;0.3871050345748251;17.06270530974507;17.9425973878715
124;0.50;24.50;False;True;False;False;1335;16.50;25.50;True;False;False;False;5;19.307968447543907;6.856735955345456;17.788181960520888;23.975087401940982
124;0.50;24.50;False;True;False;False;1336;17.50;25.50;True;False;False;False;3;18.897640907688885;0.01529492139808777;18.802222222218916;19.037363169329183
124;0.50;24.50;False;True;False;False;1339;20.50;25.50;True;False;False;False;5;20.99266603151882;0.3254102692395374;20.431760458077406;21.865916354363435
124;0.50;24.50;False;True;False;False;1340;21.50;25.50;True;False;False;False;2;21.472402599866655;0.0017887611580325092;21.442496403535188;21.502308796198122
124;0.50;24.50;False;True;False;False;1341;22.50;25.50;True;False;False;False;1;22.582683986368465;0;22.582683986368465;22.582683986368465
124;0.50;24.50;False;True;False;False;1344;25.50;25.50;True;False;False;False;2;24.104345459221804;0.9670676746407776;23.408979485564487;24.79971143287912
124;0.50;24.50;False;True;False;False;1345;26.50;25.50;True;False;False;False;2;24.480403275623758;0.019612607485455628;24.381376492667187;24.57943005858033
124;0.50;24.50;False;True;False;False;1346;27.50;25.50;True;False;False;False;1;25.8422198309363;0;25.8422198309363;25.8422198309363
124;0.50;24.50;False;True;False;False;1372;9.50;26.50;True;False;False;False;2;18.159260458076915;0.14123500828317567;17.893520916153648;18.425000000000182
124;0.50;24.50;False;True;False;False;1374;11.50;26.50;True;False;False;False;1;25.91063390909767;0;25.91063390909767;25.91063390909767
124;0.50;24.50;False;True;False;False;1375;12.50;26.50;True;False;False;False;3;20.604122300986393;0.03317505835217248;20.400465762337262;20.751426597526006
124;0.50;24.50;False;True;False;False;1377;14.50;26.50;True;False;False;False;1;20.971559292861457;0;20.971559292861457;20.971559292861457
124;0.50;24.50;False;True;False;False;1385;22.50;26.50;True;False;False;False;1;27.274444444447;0;27.274444444447;27.274444444447
124;0.50;24.50;False;True;False;False;1387;24.50;26.50;True;False;False;False;1;27.57797894298892;0;27.57797894298892;27.57797894298892
272;9.50;1.50;True;False;False;False;44;61.50;15.50;False;False;True;False;1;199.8265469576072;0;199.8265469576072;199.8265469576072
272;9.50;1.50;True;False;False;False;415;20.50;4.50;True;False;False;False;1;16.622834100591717;0;16.622834100591717;16.622834100591717
274;11.50;1.50;True;False;False;False;28;61.50;9.50;False;False;True;False;1;57.21157287526876;0;57.21157287526876;57.21157287526876
274;11.50;1.50;True;False;False;False;60;61.50;21.50;False;False;True;False;2;79.08276818405648;142.5544694370693;70.64018358462636;87.5253527834866
274;11.50;1.50;True;False;False;False;336;29.50;2.50;True;False;False;False;1;18.9362024921611;0;18.9362024921611;18.9362024921611
274;11.50;1.50;True;False;False;False;566;39.50;7.50;True;False;False;False;1;29.458415933675496;0;29.458415933675496;29.458415933675496
274;11.50;1.50;True;False;False;False;573;46.50;7.50;True;False;False;False;1;33.92277777777781;0;33.92277777777781;33.92277777777781
275;12.50;1.50;True;False;False;False;610;39.50;8.50;True;False;False;False;1;29.728427124747668;0;29.728427124747668;29.728427124747668
277;14.50;1.50;True;False;False;False;60;61.50;21.50;False;False;True;False;1;107.36695203908857;0;107.36695203908857;107.36695203908857
277;14.50;1.50;True;False;False;False;876;41.50;14.50;True;False;False;False;1;36.8118873219064;0;36.8118873219064;36.8118873219064
277;14.50;1.50;True;False;False;False;1009;42.50;17.50;True;False;False;False;1;36.179715431027944;0;36.179715431027944;36.179715431027944
278;15.50;1.50;True;False;False;False;28;61.50;9.50;False;False;True;False;1;126.7899991965678;0;126.7899991965678;126.7899991965678
278;15.50;1.50;True;False;False;False;76;0.50;6.50;False;True;False;False;1;564.9575966034829;0;564.9575966034829;564.9575966034829
278;15.50;1.50;True;False;False;False;740;37.50;11.50;True;False;False;False;1;28.42953423767267;0;28.42953423767267;28.42953423767267
279;16.50;1.50;True;False;False;False;12;61.50;3.50;False;False;True;False;1;108.00001358237569;0;108.00001358237569;108.00001358237569
280;17.50;1.50;True;False;False;False;28;61.50;9.50;False;False;True;False;1;89.23907647170017;0;89.23907647170017;89.23907647170017
280;17.50;1.50;True;False;False;False;840;49.50;13.50;True;False;False;False;1;54.39805035223981;0;54.39805035223981;54.39805035223981
282;19.50;1.50;True;False;False;False;28;61.50;9.50;False;False;True;False;1;64.15547747343408;0;64.15547747343408;64.15547747343408
282;19.50;1.50;True;False;False;False;1136;37.50;20.50;True;False;False;False;1;31.981760458063945;0;31.981760458063945;31.981760458063945
283;20.50;1.50;True;False;False;False;44;61.50;15.50;False;False;True;False;1;68.39647829945625;0;68.39647829945625;68.39647829945625
287;24.50;1.50;True;False;False;False;44;61.50;15.50;False;False;True;False;1;95.48185824766915;0;95.48185824766915;95.48185824766915
289;26.50;1.50;True;False;False;False;28;61.50;9.50;False;False;True;False;1;134.44916706838285;0;134.44916706838285;134.44916706838285
290;27.50;1.50;True;False;False;False;12;61.50;3.50;False;False;True;False;1;73.31802032996711;0;73.31802032996711;73.31802032996711
290;27.50;1.50;True;False;False;False;28;61.50;9.50;False;False;True;False;1;70.83079830951647;0;70.83079830951647;70.83079830951647
290;27.50;1.50;True;False;False;False;60;61.50;21.50;False;False;True;False;1;106.72065973462304;0;106.72065973462304;106.72065973462304
290;27.50;1.50;True;False;False;False;588;17.50;8.50;True;False;False;False;1;18.480829736870874;0;18.480829736870874;18.480829736870874
290;27.50;1.50;True;False;False;False;733;30.50;11.50;True;False;False;False;1;17.132422583988955;0;17.132422583988955;17.132422583988955
290;27.50;1.50;True;False;False;False;821;30.50;13.50;True;False;False;False;1;20.621572875254515;0;20.621572875254515;20.621572875254515
292;29.50;1.50;True;False;False;False;12;61.50;3.50;False;False;True;False;1;86.91147934835317;0;86.91147934835317;86.91147934835317
292;29.50;1.50;True;False;False;False;28;61.50;9.50;False;False;True;False;2;133.57419877484017;1115.4649928788374;109.95783799593482;157.19055955374552
292;29.50;1.50;True;False;False;False;108;0.50;18.50;False;True;False;False;1;537.8105331733359;0;537.8105331733359;537.8105331733359
292;29.50;1.50;True;False;False;False;293;30.50;1.50;True;False;False;False;1;3.514251256518037;0;3.514251256518037;3.514251256518037
292;29.50;1.50;True;False;False;False;488;49.50;5.50;True;False;False;False;1;22.976430595712372;0;22.976430595712372;22.976430595712372
292;29.50;1.50;True;False;False;False;733;30.50;11.50;True;False;False;False;1;13.397547037442564;0;13.397547037442564;13.397547037442564
292;29.50;1.50;True;False;False;False;865;30.50;14.50;True;False;False;False;1;30.115177195171782;0;30.115177195171782;30.115177195171782
293;30.50;1.50;True;False;False;False;12;61.50;3.50;False;False;True;False;1;123.17759738787481;0;123.17759738787481;123.17759738787481
293;30.50;1.50;True;False;False;False;28;61.50;9.50;False;False;True;False;1;90.23195603729255;0;90.23195603729255;90.23195603729255
293;30.50;1.50;True;False;False;False;315;52.50;1.50;True;False;False;False;1;17.791479083844024;0;17.791479083844024;17.791479083844024
293;30.50;1.50;True;False;False;False;822;31.50;13.50;True;False;False;False;1;15.962316013632517;0;15.962316013632517;15.962316013632517
294;31.50;1.50;True;False;False;False;12;61.50;3.50;False;False;True;False;2;109.62801625448992;95.5922460630737;102.7145422340327;116.54149027494714
294;31.50;1.50;True;False;False;False;28;61.50;9.50;False;False;True;False;1;58.80583692978689;0;58.80583692978689;58.80583692978689
294;31.50;1.50;True;False;False;False;108;0.50;18.50;False;True;False;False;1;566.9388848906747;0;566.9388848906747;566.9388848906747
294;31.50;1.50;True;False;False;False;353;46.50;2.50;True;False;False;False;1;16.768145750513213;0;16.768145750513213;16.768145750513213
294;31.50;1.50;True;False;False;False;732;29.50;11.50;True;False;False;False;1;15.871985574267455;0;15.871985574267455;15.871985574267455
294;31.50;1.50;True;False;False;False;734;31.50;11.50;True;False;False;False;1;9.64278097251372;0;9.64278097251372;9.64278097251372
294;31.50;1.50;True;False;False;False;822;31.50;13.50;True;False;False;False;1;18.221482278593612;0;18.221482278593612;18.221482278593612
295;32.50;1.50;True;False;False;False;12;61.50;3.50;False;False;True;False;2;104.60217892297192;97.32339355192379;97.62638529242622;111.57797255351761
295;32.50;1.50;True;False;False;False;124;0.50;24.50;False;True;False;False;1;583.1667972260839;0;583.1667972260839;583.1667972260839
295;32.50;1.50;True;False;False;False;300;37.50;1.50;True;False;False;False;1;7.175633089722396;0;7.175633089722396;7.175633089722396
295;32.50;1.50;True;False;False;False;447;52.50;4.50;True;False;False;False;1;22.132312818892387;0;22.132312818892387;22.132312818892387
295;32.50;1.50;True;False;False;False;820;29.50;13.50;True;False;False;False;1;17.697871569193012;0;17.697871569193012;17.697871569193012
297;34.50;1.50;True;False;False;False;28;61.50;9.50;False;False;True;False;1;83.63278497070041;0;83.63278497070041;83.63278497070041
298;35.50;1.50;True;False;False;False;44;61.50;15.50;False;False;True;False;1;102.07972581868762;0;102.07972581868762;102.07972581868762
299;36.50;1.50;True;False;False;False;12;61.50;3.50;False;False;True;False;1;97.2712938923014;0;97.2712938923014;97.2712938923014
300;37.50;1.50;True;False;False;False;12;61.50;3.50;False;False;True;False;4;119.80810944331279;1124.7890284047935;86.65834132969394;157.43269837218395
300;37.50;1.50;True;False;False;False;28;61.50;9.50;False;False;True;False;2;79.06079403224885;6.503735836022634;77.25750040169078;80.86408766280692
300;37.50;1.50;True;False;False;False;60;61.50;21.50;False;False;True;False;1;96.38287317609866;0;96.38287317609866;96.38287317609866
300;37.50;1.50;True;False;False;False;307;44.50;1.50;True;False;False;False;1;8.517284066274442;0;8.517284066274442;8.517284066274442
300;37.50;1.50;True;False;False;False;351;44.50;2.50;True;False;False;False;1;12.639632027267908;0;12.639632027267908;12.639632027267908
300;37.50;1.50;True;False;False;False;474;35.50;5.50;True;False;False;False;1;10.576572875255806;0;10.576572875255806;10.576572875255806
300;37.50;1.50;True;False;False;False;490;51.50;5.50;True;False;False;False;1;19.65194404272188;0;19.65194404272188;19.65194404272188
300;37.50;1.50;True;False;False;False;733;30.50;11.50;True;False;False;False;1;17.926204902520112;0;17.926204902520112;17.926204902520112
300;37.50;1.50;True;False;False;False;822;31.50;13.50;True;False;False;False;1;35.40563895930609;0;35.40563895930609;35.40563895930609
300;37.50;1.50;True;False;False;False;864;29.50;14.50;True;False;False;False;1;21.179256861618796;0;21.179256861618796;21.179256861618796
300;37.50;1.50;True;False;False;False;960;37.50;16.50;True;False;False;False;1;13.911572875254024;0;13.911572875254024;13.911572875254024
302;39.50;1.50;True;False;False;False;12;61.50;3.50;False;False;True;False;1;46.41352091614681;0;46.41352091614681;46.41352091614681
302;39.50;1.50;True;False;False;False;108;0.50;18.50;False;True;False;False;1;573.3481079335361;0;573.3481079335361;573.3481079335361
302;39.50;1.50;True;False;False;False;607;36.50;8.50;True;False;False;False;1;14.267687181101792;0;14.267687181101792;14.267687181101792
302;39.50;1.50;True;False;False;False;820;29.50;13.50;True;False;False;False;1;23.669562451435922;0;23.669562451435922;23.669562451435922
303;40.50;1.50;True;False;False;False;12;61.50;3.50;False;False;True;False;1;126.15964187603095;0;126.15964187603095;126.15964187603095
303;40.50;1.50;True;False;False;False;28;61.50;9.50;False;False;True;False;2;84.30102904478008;1688.590501191058;55.244269924129185;113.35778816543097
303;40.50;1.50;True;False;False;False;60;61.50;21.50;False;False;True;False;1;50.32203544284738;0;50.32203544284738;50.32203544284738
303;40.50;1.50;True;False;False;False;76;0.50;6.50;False;True;False;False;1;551.6879936123551;0;551.6879936123551;551.6879936123551
303;40.50;1.50;True;False;False;False;734;31.50;11.50;True;False;False;False;1;19.690649346968712;0;19.690649346968712;19.690649346968712
303;40.50;1.50;True;False;False;False;821;30.50;13.50;True;False;False;False;1;22.692409805036732;0;22.692409805036732;22.692409805036732
303;40.50;1.50;True;False;False;False;822;31.50;13.50;True;False;False;False;1;29.442969358784467;0;29.442969358784467;29.442969358784467
303;40.50;1.50;True;False;False;False;865;30.50;14.50;True;False;False;False;1;22.391298693934914;0;22.391298693934914;22.391298693934914
303;40.50;1.50;True;False;False;False;996;29.50;17.50;True;False;False;False;1;33.92457044777984;0;33.92457044777984;33.92457044777984
304;41.50;1.50;True;False;False;False;12;61.50;3.50;False;False;True;False;1;89.73288834631421;0;89.73288834631421;89.73288834631421
304;41.50;1.50;True;False;False;False;28;61.50;9.50;False;False;True;False;1;83.38726937789397;0;83.38726937789397;83.38726937789397
304;41.50;1.50;True;False;False;False;60;61.50;21.50;False;False;True;False;1;48.256952039100725;0;48.256952039100725;48.256952039100725
304;41.50;1.50;True;False;False;False;76;0.50;6.50;False;True;False;False;1;578.4835345176232;0;578.4835345176232;578.4835345176232
304;41.50;1.50;True;False;False;False;359;52.50;2.50;True;False;False;False;1;14.147777777777947;0;14.147777777777947;14.147777777777947
304;41.50;1.50;True;False;False;False;742;39.50;11.50;True;False;False;False;1;14.306753265154839;0;14.306753265154839;14.306753265154839
304;41.50;1.50;True;False;False;False;820;29.50;13.50;True;False;False;False;1;32.215366365820955;0;32.215366365820955;32.215366365820955
304;41.50;1.50;True;False;False;False;821;30.50;13.50;True;False;False;False;1;35.37527418130776;0;35.37527418130776;35.37527418130776
305;42.50;1.50;True;False;False;False;12;61.50;3.50;False;False;True;False;4;79.69817859123623;167.3254341148812;65.51287876211791;95.2017716491755
305;42.50;1.50;True;False;False;False;28;61.50;9.50;False;False;True;False;2;82.47287356828656;162.05993357493318;73.47120890071164;91.47453823586147
305;42.50;1.50;True;False;False;False;124;0.50;24.50;False;True;False;False;1;587.4281609397294;0;587.4281609397294;587.4281609397294
305;42.50;1.50;True;False;False;False;427;32.50;4.50;True;False;False;False;1;15.365096986151912;0;15.365096986151912;15.365096986151912
305;42.50;1.50;True;False;False;False;483;44.50;5.50;True;False;False;False;1;10.74554516788703;0;10.74554516788703;10.74554516788703
305;42.50;1.50;True;False;False;False;734;31.50;11.50;True;False;False;False;1;20.58257393768872;0;20.58257393768872;20.58257393768872
305;42.50;1.50;True;False;False;False;820;29.50;13.50;True;False;False;False;1;34.638985875026265;0;34.638985875026265;34.638985875026265
305;42.50;1.50;True;False;False;False;821;30.50;13.50;True;False;False;False;1;33.01584012452804;0;33.01584012452804;33.01584012452804
305;42.50;1.50;True;False;False;False;822;31.50;13.50;True;False;False;False;1;31.929992807074996;0;31.929992807074996;31.929992807074996
305;42.50;1.50;True;False;False;False;1077;22.50;19.50;True;False;False;False;1;35.76462563779205;0;35.76462563779205;35.76462563779205
307;44.50;1.50;True;False;False;False;12;61.50;3.50;False;False;True;False;3;117.33299405348104;3470.792825678418;52.848149748693686;168.33898374829369
307;44.50;1.50;True;False;False;False;28;61.50;9.50;False;False;True;False;1;74.66272396818022;0;74.66272396818022;74.66272396818022
307;44.50;1.50;True;False;False;False;60;61.50;21.50;False;False;True;False;1;87.9777817759441;0;87.9777817759441;87.9777817759441
307;44.50;1.50;True;False;False;False;76;0.50;6.50;False;True;False;False;1;566.7160073947853;0;566.7160073947853;566.7160073947853
307;44.50;1.50;True;False;False;False;354;47.50;2.50;True;False;False;False;1;9.09662593854955;0;9.09662593854955;9.09662593854955
307;44.50;1.50;True;False;False;False;623;52.50;8.50;True;False;False;False;1;16.56342393000159;0;16.56342393000159;16.56342393000159
307;44.50;1.50;True;False;False;False;733;30.50;11.50;True;False;False;False;1;22.627230218582554;0;22.627230218582554;22.627230218582554
307;44.50;1.50;True;False;False;False;820;29.50;13.50;True;False;False;False;1;33.088888888887595;0;33.088888888887595;33.088888888887595
307;44.50;1.50;True;False;False;False;822;31.50;13.50;True;False;False;False;2;26.428660005900383;0.29197015763699097;26.046580068166804;26.810739943633962
308;45.50;1.50;True;False;False;False;12;61.50;3.50;False;False;True;False;2;124.18216359194639;6174.225376277496;68.6203719709165;179.7439552129763
308;45.50;1.50;True;False;False;False;28;61.50;9.50;False;False;True;False;1;93.77490940332973;0;93.77490940332973;93.77490940332973
308;45.50;1.50;True;False;False;False;44;61.50;15.50;False;False;True;False;1;164.5318726334899;0;164.5318726334899;164.5318726334899
308;45.50;1.50;True;False;False;False;124;0.50;24.50;False;True;False;False;1;574.8346916991541;0;574.8346916991541;574.8346916991541
308;45.50;1.50;True;False;False;False;310;47.50;1.50;True;False;False;False;1;3.799291815377728;0;3.799291815377728;3.799291815377728
308;45.50;1.50;True;False;False;False;821;30.50;13.50;True;False;False;False;2;25.53513389591808;0.06732279296147953;25.35166347192353;25.71860431991263
308;45.50;1.50;True;False;False;False;822;31.50;13.50;True;False;False;False;1;25.078517721423395;0;25.078517721423395;25.078517721423395
308;45.50;1.50;True;False;False;False;865;30.50;14.50;True;False;False;False;1;41.05686144241736;0;41.05686144241736;41.05686144241736
309;46.50;1.50;True;False;False;False;12;61.50;3.50;False;False;True;False;1;78.09323634717293;0;78.09323634717293;78.09323634717293
309;46.50;1.50;True;False;False;False;44;61.50;15.50;False;False;True;False;1;129.12610791637962;0;129.12610791637962;129.12610791637962
309;46.50;1.50;True;False;False;False;76;0.50;6.50;False;True;False;False;1;545.9677801881276;0;545.9677801881276;545.9677801881276
309;46.50;1.50;True;False;False;False;124;0.50;24.50;False;True;False;False;1;524.1508608807562;0;524.1508608807562;524.1508608807562
309;46.50;1.50;True;False;False;False;572;45.50;7.50;True;False;False;False;1;10.81379509747785;0;10.81379509747785;10.81379509747785
309;46.50;1.50;True;False;False;False;820;29.50;13.50;True;False;False;False;1;32.514360237248184;0;32.514360237248184;32.514360237248184
309;46.50;1.50;True;False;False;False;821;30.50;13.50;True;False;False;False;1;26.87481961009462;0;26.87481961009462;26.87481961009462
309;46.50;1.50;True;False;False;False;822;31.50;13.50;True;False;False;False;1;25.04333120641786;0;25.04333120641786;25.04333120641786
310;47.50;1.50;True;False;False;False;12;61.50;3.50;False;False;True;False;2;140.6123698758438;276.8723344455811;128.8464798872883;152.3782598643993
310;47.50;1.50;True;False;False;False;44;61.50;15.50;False;False;True;False;1;86.49917026312505;0;86.49917026312505;86.49917026312505
310;47.50;1.50;True;False;False;False;60;61.50;21.50;False;False;True;False;1;170.5311111111123;0;170.5311111111123;170.5311111111123
310;47.50;1.50;True;False;False;False;481;42.50;5.50;True;False;False;False;1;14.199309365136287;0;14.199309365136287;14.199309365136287
310;47.50;1.50;True;False;False;False;734;31.50;11.50;True;False;False;False;1;33.55759019495213;0;33.55759019495213;33.55759019495213
310;47.50;1.50;True;False;False;False;821;30.50;13.50;True;False;False;False;1;26.63355073670391;0;26.63355073670391;26.63355073670391
310;47.50;1.50;True;False;False;False;822;31.50;13.50;True;False;False;False;1;25.543979485559248;0;25.543979485559248;25.543979485559248
310;47.50;1.50;True;False;False;False;865;30.50;14.50;True;False;False;False;1;27.2475059877479;0;27.2475059877479;27.2475059877479
312;49.50;1.50;True;False;False;False;12;61.50;3.50;False;False;True;False;4;117.96358966234571;1338.363765770925;87.18286757100213;164.37703863756542
312;49.50;1.50;True;False;False;False;28;61.50;9.50;False;False;True;False;2;97.94667585867637;2270.8428969746174;64.25066053805858;131.64269117929416
312;49.50;1.50;True;False;False;False;44;61.50;15.50;False;False;True;False;1;129.5825925862273;0;129.5825925862273;129.5825925862273
312;49.50;1.50;True;False;False;False;60;61.50;21.50;False;False;True;False;1;107.6693482617502;0;107.6693482617502;107.6693482617502
312;49.50;1.50;True;False;False;False;108;0.50;18.50;False;True;False;False;1;604.9829325527535;0;604.9829325527535;604.9829325527535
312;49.50;1.50;True;False;False;False;475;36.50;5.50;True;False;False;False;1;18.962594193138102;0;18.962594193138102;18.962594193138102
312;49.50;1.50;True;False;False;False;703;44.50;10.50;True;False;False;False;1;19.456558489420786;0;19.456558489420786;19.456558489420786
312;49.50;1.50;True;False;False;False;820;29.50;13.50;True;False;False;False;2;35.47893526010557;71.34989275828535;29.50608448521234;41.451786034998804
312;49.50;1.50;True;False;False;False;821;30.50;13.50;True;False;False;False;4;36.63548261507708;104.73633173269124;28.428885694155724;49.74203463939193
312;49.50;1.50;True;False;False;False;1018;51.50;17.50;True;False;False;False;1;19.363247538310134;0;19.363247538310134;19.363247538310134
313;50.50;1.50;True;False;False;False;12;61.50;3.50;False;False;True;False;1;68.01083692979546;0;68.01083692979546;68.01083692979546
313;50.50;1.50;True;False;False;False;28;61.50;9.50;False;False;True;False;2;101.59841913789933;4714.9227342984;53.04472342738518;150.15211484841348
313;50.50;1.50;True;False;False;False;44;61.50;15.50;False;False;True;False;2;114.5156222890314;321.159835433419;101.84360912155444;127.18763545650836
313;50.50;1.50;True;False;False;False;92;0.50;12.50;False;True;False;False;1;224.55805595728725;0;224.55805595728725;224.55805595728725
313;50.50;1.50;True;False;False;False;476;37.50;5.50;True;False;False;False;1;18.743340526254542;0;18.743340526254542;18.743340526254542
313;50.50;1.50;True;False;False;False;734;31.50;11.50;True;False;False;False;1;26.420189189717348;0;26.420189189717348;26.420189189717348
313;50.50;1.50;True;False;False;False;818;27.50;13.50;True;False;False;False;1;31.552868374445097;0;31.552868374445097;31.552868374445097
313;50.50;1.50;True;False;False;False;821;30.50;13.50;True;False;False;False;1;27.78416626494254;0;27.78416626494254;27.78416626494254
313;50.50;1.50;True;False;False;False;822;31.50;13.50;True;False;False;False;2;27.917031846387772;0.009905440966733004;27.846656279012677;27.987407413762867
314;51.50;1.50;True;False;False;False;12;61.50;3.50;False;False;True;False;1;138.99990620856988;0;138.99990620856988;138.99990620856988
314;51.50;1.50;True;False;False;False;28;61.50;9.50;False;False;True;False;1;94.14370610769811;0;94.14370610769811;94.14370610769811
314;51.50;1.50;True;False;False;False;60;61.50;21.50;False;False;True;False;1;184.5965534043362;0;184.5965534043362;184.5965534043362
314;51.50;1.50;True;False;False;False;461;22.50;5.50;True;False;False;False;1;28.66222222221404;0;28.66222222221404;28.66222222221404
314;51.50;1.50;True;False;False;False;734;31.50;11.50;True;False;False;False;1;27.210367972727;0;27.210367972727;27.210367972727
314;51.50;1.50;True;False;False;False;822;31.50;13.50;True;False;False;False;1;27.851412721601264;0;27.851412721601264;27.851412721601264
315;52.50;1.50;True;False;False;False;12;61.50;3.50;False;False;True;False;5;97.64528862005064;232.34037506804964;74.84241699795894;113.61133492302179
315;52.50;1.50;True;False;False;False;44;61.50;15.50;False;False;True;False;1;129.76269837219297;0;129.76269837219297;129.76269837219297
315;52.50;1.50;True;False;False;False;573;46.50;7.50;True;False;False;False;1;15.529711432827753;0;15.529711432827753;15.529711432827753
315;52.50;1.50;True;False;False;False;821;30.50;13.50;True;False;False;False;1;29.483614707562083;0;29.483614707562083;29.483614707562083
315;52.50;1.50;True;False;False;False;822;31.50;13.50;True;False;False;False;2;33.02010409950708;2.0211687562888048;32.014825840444246;34.025382358569914
315;52.50;1.50;True;False;False;False;866;31.50;14.50;True;False;False;False;1;29.999826803014003;0;29.999826803014003;29.999826803014003
315;52.50;1.50;True;False;False;False;1329;10.50;25.50;True;False;False;False;1;50.64351452667688;0;50.64351452667688;50.64351452667688
318;11.50;2.50;True;False;False;False;28;61.50;9.50;False;False;True;False;1;90.9794364481204;0;90.9794364481204;90.9794364481204
319;12.50;2.50;True;False;False;False;28;61.50;9.50;False;False;True;False;1;74.09092991775606;0;74.09092991775606;74.09092991775606
321;14.50;2.50;True;False;False;False;60;61.50;21.50;False;False;True;False;2;104.09180803294817;1485.3747099826492;76.83951721196718;131.34409885392915
321;14.50;2.50;True;False;False;False;1283;52.50;23.50;True;False;False;False;1;59.22594084452612;0;59.22594084452612;59.22594084452612
322;15.50;2.50;True;False;False;False;60;61.50;21.50;False;False;True;False;1;100.42677404047026;0;100.42677404047026;100.42677404047026
324;17.50;2.50;True;False;False;False;12;61.50;3.50;False;False;True;False;1;60.7382467348325;0;60.7382467348325;60.7382467348325
324;17.50;2.50;True;False;False;False;841;50.50;13.50;True;False;False;False;1;44.59584492616341;0;44.59584492616341;44.59584492616341
326;19.50;2.50;True;False;False;False;28;61.50;9.50;False;False;True;False;1;153.86695523382514;0;153.86695523382514;153.86695523382514
326;19.50;2.50;True;False;False;False;427;32.50;4.50;True;False;False;False;1;17.544264054537052;0;17.544264054537052;17.544264054537052
329;22.50;2.50;True;False;False;False;12;61.50;3.50;False;False;True;False;2;115.3341513641542;15.164579754261876;112.58055555555575;118.08774717275264
329;22.50;2.50;True;False;False;False;300;37.50;1.50;True;False;False;False;1;16.619629616920975;0;16.619629616920975;16.619629616920975
329;22.50;2.50;True;False;False;False;865;30.50;14.50;True;False;False;False;1;21.372141209727488;0;21.372141209727488;21.372141209727488
331;24.50;2.50;True;False;False;False;12;61.50;3.50;False;False;True;False;1;188.38289127665485;0;188.38289127665485;188.38289127665485
331;24.50;2.50;True;False;False;False;823;32.50;13.50;True;False;False;False;1;20.901284283580026;0;20.901284283580026;20.901284283580026
332;25.50;2.50;True;False;False;False;44;61.50;15.50;False;False;True;False;1;59.941851054756626;0;59.941851054756626;59.941851054756626
332;25.50;2.50;True;False;False;False;124;0.50;24.50;False;True;False;False;1;568.5651859950085;0;568.5651859950085;568.5651859950085
332;25.50;2.50;True;False;False;False;822;31.50;13.50;True;False;False;False;1;19.89522274400497;0;19.89522274400497;19.89522274400497
332;25.50;2.50;True;False;False;False;865;30.50;14.50;True;False;False;False;1;29.087597387877395;0;29.087597387877395;29.087597387877395
333;26.50;2.50;True;False;False;False;76;0.50;6.50;False;True;False;False;1;570.5539280672879;0;570.5539280672879;570.5539280672879
333;26.50;2.50;True;False;False;False;820;29.50;13.50;True;False;False;False;1;17.073033329741975;0;17.073033329741975;17.073033329741975
334;27.50;2.50;True;False;False;False;12;61.50;3.50;False;False;True;False;1;166.93472901340465;0;166.93472901340465;166.93472901340465
334;27.50;2.50;True;False;False;False;108;0.50;18.50;False;True;False;False;1;599.698695474457;0;599.698695474457;599.698695474457
334;27.50;2.50;True;False;False;False;820;29.50;13.50;True;False;False;False;1;16.519042652897042;0;16.519042652897042;16.519042652897042
334;27.50;2.50;True;False;False;False;821;30.50;13.50;True;False;False;False;1;16.936952039082826;0;16.936952039082826;16.936952039082826
336;29.50;2.50;True;False;False;False;28;61.50;9.50;False;False;True;False;1;171.99220862081893;0;171.99220862081893;171.99220862081893
336;29.50;2.50;True;False;False;False;44;61.50;15.50;False;False;True;False;1;94.80120490251284;0;94.80120490251284;94.80120490251284
336;29.50;2.50;True;False;False;False;76;0.50;6.50;False;True;False;False;1;579.3504785412188;0;579.3504785412188;579.3504785412188
336;29.50;2.50;True;False;False;False;92;0.50;12.50;False;True;False;False;1;271.8648244117012;0;271.8648244117012;271.8648244117012
336;29.50;2.50;True;False;False;False;820;29.50;13.50;True;False;False;False;1;10.82917345786882;0;10.82917345786882;10.82917345786882
336;29.50;2.50;True;False;False;False;821;30.50;13.50;True;False;False;False;2;15.344395951371553;0.006687755201992294;15.28656968051655;15.402222222226555
336;29.50;2.50;True;False;False;False;822;31.50;13.50;True;False;False;False;1;16.299361844128725;0;16.299361844128725;16.299361844128725
337;30.50;2.50;True;False;False;False;28;61.50;9.50;False;False;True;False;1;123.02601892657913;0;123.02601892657913;123.02601892657913
337;30.50;2.50;True;False;False;False;822;31.50;13.50;True;False;False;False;1;15.41119451485065;0;15.41119451485065;15.41119451485065
339;32.50;2.50;True;False;False;False;12;61.50;3.50;False;False;True;False;2;178.74140248080334;471.1204496042013;163.39343112293;194.0893738386767
339;32.50;2.50;True;False;False;False;28;61.50;9.50;False;False;True;False;1;117.5950191683769;0;117.5950191683769;117.5950191683769
339;32.50;2.50;True;False;False;False;44;61.50;15.50;False;False;True;False;1;96.77444844262209;0;96.77444844262209;96.77444844262209
339;32.50;2.50;True;False;False;False;470;31.50;5.50;True;False;False;False;1;9.43787476392481;0;9.43787476392481;9.43787476392481
339;32.50;2.50;True;False;False;False;479;40.50;5.50;True;False;False;False;1;14.739063692773925;0;14.739063692773925;14.739063692773925
339;32.50;2.50;True;False;False;False;822;31.50;13.50;True;False;False;False;1;21.802770584872633;0;21.802770584872633;21.802770584872633
339;32.50;2.50;True;False;False;False;864;29.50;14.50;True;False;False;False;2;31.896663070221393;454.8019431769204;16.816843058415543;46.976483082027244
341;34.50;2.50;True;False;False;False;12;61.50;3.50;False;False;True;False;4;100.85136504407097;1330.7813549333478;78.27556513975651;155.36010019995342
341;34.50;2.50;True;False;False;False;28;61.50;9.50;False;False;True;False;1;133.89833813496034;0;133.89833813496034;133.89833813496034
341;34.50;2.50;True;False;False;False;76;0.50;6.50;False;True;False;False;1;573.5321476183017;0;573.5321476183017;573.5321476183017
341;34.50;2.50;True;False;False;False;108;0.50;18.50;False;True;False;False;1;617.5033365471463;0;617.5033365471463;617.5033365471463
341;34.50;2.50;True;False;False;False;344;37.50;2.50;True;False;False;False;1;5.710932309043528;0;5.710932309043528;5.710932309043528
341;34.50;2.50;True;False;False;False;733;30.50;11.50;True;False;False;False;1;15.15971623448786;0;15.15971623448786;15.15971623448786
341;34.50;2.50;True;False;False;False;734;31.50;11.50;True;False;False;False;1;15.164538235857208;0;15.164538235857208;15.164538235857208
341;34.50;2.50;True;False;False;False;821;30.50;13.50;True;False;False;False;2;17.61305435991244;0.1416387485915238;17.346935261958606;17.879173457866273
341;34.50;2.50;True;False;False;False;822;31.50;13.50;True;False;False;False;1;34.96518758282673;0;34.96518758282673;34.96518758282673
341;34.50;2.50;True;False;False;False;867;32.50;14.50;True;False;False;False;1;16.481298693939607;0;16.481298693939607;16.481298693939607
342;35.50;2.50;True;False;False;False;28;61.50;9.50;False;False;True;False;1;106.21140687120351;0;106.21140687120351;106.21140687120351
342;35.50;2.50;True;False;False;False;44;61.50;15.50;False;False;True;False;1;49.12923664422851;0;49.12923664422851;49.12923664422851
342;35.50;2.50;True;False;False;False;447;52.50;4.50;True;False;False;False;1;20.787954972944135;0;20.787954972944135;20.787954972944135
342;35.50;2.50;True;False;False;False;488;49.50;5.50;True;False;False;False;1;18.641951235637862;0;18.641951235637862;18.641951235637862
343;36.50;2.50;True;False;False;False;867;32.50;14.50;True;False;False;False;1;29.958053546927886;0;29.958053546927886;29.958053546927886
344;37.50;2.50;True;False;False;False;12;61.50;3.50;False;False;True;False;1;99.75546495887284;0;99.75546495887284;99.75546495887284
344;37.50;2.50;True;False;False;False;60;61.50;21.50;False;False;True;False;1;91.9205686180685;0;91.9205686180685;91.9205686180685
344;37.50;2.50;True;False;False;False;689;30.50;10.50;True;False;False;False;1;17.252777777777737;0;17.252777777777737;17.252777777777737
344;37.50;2.50;True;False;False;False;821;30.50;13.50;True;False;False;False;1;19.095749007981794;0;19.095749007981794;19.095749007981794
346;39.50;2.50;True;False;False;False;12;61.50;3.50;False;False;True;False;3;92.49458272484048;43.731464399694765;85.57962563779074;98.75723341333082
346;39.50;2.50;True;False;False;False;733;30.50;11.50;True;False;False;False;1;20.08888888888896;0;20.08888888888896;20.08888888888896
346;39.50;2.50;True;False;False;False;734;31.50;11.50;True;False;False;False;1;19.164713824138744;0;19.164713824138744;19.164713824138744
346;39.50;2.50;True;False;False;False;822;31.50;13.50;True;False;False;False;1;20.65902314023333;0;20.65902314023333;20.65902314023333
346;39.50;2.50;True;False;False;False;864;29.50;14.50;True;False;False;False;1;32.79010417906966;0;32.79010417906966;32.79010417906966
347;40.50;2.50;True;False;False;False;12;61.50;3.50;False;False;True;False;1;96.44680894620069;0;96.44680894620069;96.44680894620069
347;40.50;2.50;True;False;False;False;60;61.50;21.50;False;False;True;False;1;121.83982121699694;0;121.83982121699694;121.83982121699694
347;40.50;2.50;True;False;False;False;483;44.50;5.50;True;False;False;False;1;11.571704767138726;0;11.571704767138726;11.571704767138726
347;40.50;2.50;True;False;False;False;734;31.50;11.50;True;False;False;False;1;19.032222222222288;0;19.032222222222288;19.032222222222288
348;41.50;2.50;True;False;False;False;12;61.50;3.50;False;False;True;False;1;103.39750759462913;0;103.39750759462913;103.39750759462913
348;41.50;2.50;True;False;False;False;28;61.50;9.50;False;False;True;False;1;120.09417026311894;0;120.09417026311894;120.09417026311894
348;41.50;2.50;True;False;False;False;60;61.50;21.50;False;False;True;False;1;186.04693397724623;0;186.04693397724623;186.04693397724623
348;41.50;2.50;True;False;False;False;588;17.50;8.50;True;False;False;False;1;26.955465762319363;0;26.955465762319363;26.955465762319363
348;41.50;2.50;True;False;False;False;822;31.50;13.50;True;False;False;False;2;30.35152638126783;171.30485667404145;21.096666666662713;39.60638609587295
349;42.50;2.50;True;False;False;False;12;61.50;3.50;False;False;True;False;1;113.96796296932007;0;113.96796296932007;113.96796296932007
349;42.50;2.50;True;False;False;False;28;61.50;9.50;False;False;True;False;2;102.53782813775115;888.2519963769502;81.46353103942602;123.61212523607628
349;42.50;2.50;True;False;False;False;44;61.50;15.50;False;False;True;False;1;113.69722222220662;0;113.69722222220662;113.69722222220662
349;42.50;2.50;True;False;False;False;60;61.50;21.50;False;False;True;False;2;115.20537995774794;1339.079622164623;89.32991259805931;141.08084731743656
349;42.50;2.50;True;False;False;False;76;0.50;6.50;False;True;False;False;1;558.7529397645822;0;558.7529397645822;558.7529397645822
349;42.50;2.50;True;False;False;False;314;51.50;1.50;True;False;False;False;1;13.299271247471552;0;13.299271247471552;13.299271247471552
349;42.50;2.50;True;False;False;False;542;15.50;7.50;True;False;False;False;1;28.6600905966734;0;28.6600905966734;28.6600905966734
349;42.50;2.50;True;False;False;False;554;27.50;7.50;True;False;False;False;1;21.041508132017043;0;21.041508132017043;21.041508132017043
349;42.50;2.50;True;False;False;False;820;29.50;13.50;True;False;False;False;3;23.934341853207417;0.6946022692924841;23.30580014266343;24.879725818684165
349;42.50;2.50;True;False;False;False;821;30.50;13.50;True;False;False;False;1;23.03666666666686;0;23.03666666666686;23.03666666666686
351;44.50;2.50;True;False;False;False;12;61.50;3.50;False;False;True;False;2;96.68736490843003;1309.6923406525505;71.09740261212573;122.27732720473432
351;44.50;2.50;True;False;False;False;28;61.50;9.50;False;False;True;False;1;82.0694412497096;0;82.0694412497096;82.0694412497096
351;44.50;2.50;True;False;False;False;60;61.50;21.50;False;False;True;False;1;113.99333333333925;0;113.99333333333925;113.99333333333925
351;44.50;2.50;True;False;False;False;76;0.50;6.50;False;True;False;False;1;547.9785464930646;0;547.9785464930646;547.9785464930646
351;44.50;2.50;True;False;False;False;108;0.50;18.50;False;True;False;False;1;551.3308489242881;0;551.3308489242881;551.3308489242881
351;44.50;2.50;True;False;False;False;124;0.50;24.50;False;True;False;False;1;564.1402472302034;0;564.1402472302034;564.1402472302034
351;44.50;2.50;True;False;False;False;818;27.50;13.50;True;False;False;False;1;25.359211312814296;0;25.359211312814296;25.359211312814296
351;44.50;2.50;True;False;False;False;821;30.50;13.50;True;False;False;False;4;27.91587971175727;24.762334244471056;23.24471782231558;34.011670664856865
351;44.50;2.50;True;False;False;False;822;31.50;13.50;True;False;False;False;1;23.983145750506083;0;23.983145750506083;23.983145750506083
351;44.50;2.50;True;False;False;False;957;34.50;16.50;True;False;False;False;1;26.58351772142578;0;26.58351772142578;26.58351772142578
352;45.50;2.50;True;False;False;False;12;61.50;3.50;False;False;True;False;4;136.62007113748655;3850.431690144138;81.49027177101561;224.35277777778538
352;45.50;2.50;True;False;False;False;60;61.50;21.50;False;False;True;False;1;61.370113365330326;0;61.370113365330326;61.370113365330326
352;45.50;2.50;True;False;False;False;124;0.50;24.50;False;True;False;False;1;544.661968835233;0;544.661968835233;544.661968835233
352;45.50;2.50;True;False;False;False;305;42.50;1.50;True;False;False;False;1;8.724350653028523;0;8.724350653028523;8.724350653028523
352;45.50;2.50;True;False;False;False;480;41.50;5.50;True;False;False;False;1;11.23481241717127;0;11.23481241717127;11.23481241717127
352;45.50;2.50;True;False;False;False;748;45.50;11.50;True;False;False;False;1;11.044444444444707;0;11.044444444444707;11.044444444444707
352;45.50;2.50;True;False;False;False;820;29.50;13.50;True;False;False;False;2;25.14524007406908;0.001998912174646407;25.113625898651662;25.176854249486496
352;45.50;2.50;True;False;False;False;998;31.50;17.50;True;False;False;False;1;28.35320243317983;0;28.35320243317983;28.35320243317983
353;46.50;2.50;True;False;False;False;12;61.50;3.50;False;False;True;False;3;182.83671657906476;6073.574045768829;130.4975851380441;272.4021460114018
353;46.50;2.50;True;False;False;False;28;61.50;9.50;False;False;True;False;1;109.17510098432831;0;109.17510098432831;109.17510098432831
353;46.50;2.50;True;False;False;False;76;0.50;6.50;False;True;False;False;2;546.4513403958231;21.481357523481243;543.1740429174515;549.7286378741946
353;46.50;2.50;True;False;False;False;303;40.50;1.50;True;False;False;False;1;10.711111111111677;0;10.711111111111677;10.711111111111677
353;46.50;2.50;True;False;False;False;354;47.50;2.50;True;False;False;False;1;4.05009698615504;0;4.05009698615504;4.05009698615504
353;46.50;2.50;True;False;False;False;734;31.50;11.50;True;False;False;False;1;22.821305083409243;0;22.821305083409243;22.821305083409243
353;46.50;2.50;True;False;False;False;821;30.50;13.50;True;False;False;False;1;34.15016839539385;0;34.15016839539385;34.15016839539385
353;46.50;2.50;True;False;False;False;822;31.50;13.50;True;False;False;False;1;25.019622707612143;0;25.019622707612143;25.019622707612143
353;46.50;2.50;True;False;False;False;864;29.50;14.50;True;False;False;False;1;26.013785532330076;0;26.013785532330076;26.013785532330076
354;47.50;2.50;True;False;False;False;12;61.50;3.50;False;False;True;False;2;90.90902795014426;381.44259217121737;77.09883982377869;104.71921607650984
354;47.50;2.50;True;False;False;False;28;61.50;9.50;False;False;True;False;1;135.01157848033745;0;135.01157848033745;135.01157848033745
354;47.50;2.50;True;False;False;False;44;61.50;15.50;False;False;True;False;1;106.40862190048938;0;106.40862190048938;106.40862190048938
354;47.50;2.50;True;False;False;False;60;61.50;21.50;False;False;True;False;1;148.02018758282065;0;148.02018758282065;148.02018758282065
354;47.50;2.50;True;False;False;False;76;0.50;6.50;False;True;False;False;1;577.0717548530101;0;577.0717548530101;577.0717548530101
354;47.50;2.50;True;False;False;False;124;0.50;24.50;False;True;False;False;1;570.2313685343324;0;570.2313685343324;570.2313685343324
354;47.50;2.50;True;False;False;False;706;47.50;10.50;True;False;False;False;1;9.96453823585398;0;9.96453823585398;9.96453823585398
354;47.50;2.50;True;False;False;False;733;30.50;11.50;True;False;False;False;2;25.14164230442475;0.20692605279112566;24.819985614154575;25.463298994694924
354;47.50;2.50;True;False;False;False;822;31.50;13.50;True;False;False;False;1;24.640739140199003;0;24.640739140199003;24.640739140199003
354;47.50;2.50;True;False;False;False;864;29.50;14.50;True;False;False;False;1;27.19221902748677;0;27.19221902748677;27.19221902748677
354;47.50;2.50;True;False;False;False;866;31.50;14.50;True;False;False;False;1;28.56171783942773;0;28.56171783942773;28.56171783942773
354;47.50;2.50;True;False;False;False;1280;49.50;23.50;True;False;False;False;1;22.459458830284348;0;22.459458830284348;22.459458830284348
356;49.50;2.50;True;False;False;False;12;61.50;3.50;False;False;True;False;1;86.60098292384896;0;86.60098292384896;86.60098292384896
356;49.50;2.50;True;False;False;False;44;61.50;15.50;False;False;True;False;1;115.82854834549471;0;115.82854834549471;115.82854834549471
356;49.50;2.50;True;False;False;False;867;32.50;14.50;True;False;False;False;1;26.58676045807806;0;26.58676045807806;26.58676045807806
356;49.50;2.50;True;False;False;False;1241;10.50;23.50;True;False;False;False;1;48.449626441250984;0;48.449626441250984;48.449626441250984
357;50.50;2.50;True;False;False;False;12;61.50;3.50;False;False;True;False;2;89.58232280483332;923.656564779177;68.09213242899932;111.07251318066733
357;50.50;2.50;True;False;False;False;734;31.50;11.50;True;False;False;False;1;26.62046495887808;0;26.62046495887808;26.62046495887808
357;50.50;2.50;True;False;False;False;752;49.50;11.50;True;False;False;False;1;13.915836126342583;0;13.915836126342583;13.915836126342583
357;50.50;2.50;True;False;False;False;822;31.50;13.50;True;False;False;False;1;29.438795097472394;0;29.438795097472394;29.438795097472394
358;51.50;2.50;True;False;False;False;12;61.50;3.50;False;False;True;False;1;129.17987426132095;0;129.17987426132095;129.17987426132095
358;51.50;2.50;True;False;False;False;44;61.50;15.50;False;False;True;False;2;87.96329083753335;671.4650585490591;69.6402853724212;106.2862963026455
358;51.50;2.50;True;False;False;False;820;29.50;13.50;True;False;False;False;1;30.1875478600341;0;30.1875478600341;30.1875478600341
358;51.50;2.50;True;False;False;False;822;31.50;13.50;True;False;False;False;1;28.942316013628442;0;28.942316013628442;28.942316013628442
358;51.50;2.50;True;False;False;False;1371;52.50;25.50;True;False;False;False;1;37.937038637572186;0;37.937038637572186;37.937038637572186
359;52.50;2.50;True;False;False;False;12;61.50;3.50;False;False;True;False;4;83.84419351488259;222.84426741393733;61.874907012037966;93.68067092572164
359;52.50;2.50;True;False;False;False;28;61.50;9.50;False;False;True;False;1;75.78675965461662;0;75.78675965461662;75.78675965461662
359;52.50;2.50;True;False;False;False;44;61.50;15.50;False;False;True;False;1;100.7537228657402;0;100.7537228657402;100.7537228657402
359;52.50;2.50;True;False;False;False;733;30.50;11.50;True;False;False;False;2;28.374719429210586;0.26120905693251006;28.01332694386224;28.736111914558933
359;52.50;2.50;True;False;False;False;822;31.50;13.50;True;False;False;False;2;28.709597910490174;0.4178236957410173;28.252529154316107;29.16666666666424
359;52.50;2.50;True;False;False;False;842;51.50;13.50;True;False;False;False;1;14.34657287525215;0;14.34657287525215;14.34657287525215
359;52.50;2.50;True;False;False;False;1408;45.50;26.50;True;False;False;False;1;28.1464159544621;0;28.1464159544621;28.1464159544621
405;10.50;4.50;True;False;False;False;60;61.50;21.50;False;False;True;False;1;131.28306634490946;0;131.28306634490946;131.28306634490946
406;11.50;4.50;True;False;False;False;60;61.50;21.50;False;False;True;False;1;83.241944846166;0;83.241944846166;83.241944846166
407;12.50;4.50;True;False;False;False;12;61.50;3.50;False;False;True;False;1;161.34194962877518;0;161.34194962877518;161.34194962877518
409;14.50;4.50;True;False;False;False;12;61.50;3.50;False;False;True;False;1;111.69234583409025;0;111.69234583409025;111.69234583409025
410;15.50;4.50;True;False;False;False;44;61.50;15.50;False;False;True;False;1;80.96713003768673;0;80.96713003768673;80.96713003768673
412;17.50;4.50;True;False;False;False;28;61.50;9.50;False;False;True;False;1;103.14239061762783;0;103.14239061762783;103.14239061762783
412;17.50;4.50;True;False;False;False;353;46.50;2.50;True;False;False;False;1;27.710086598493035;0;27.710086598493035;27.710086598493035
412;17.50;4.50;True;False;False;False;812;21.50;13.50;True;False;False;False;1;15.774170263131964;0;15.774170263131964;15.774170263131964
414;19.50;4.50;True;False;False;False;28;61.50;9.50;False;False;True;False;1;59.39778097250928;0;59.39778097250928;59.39778097250928
414;19.50;4.50;True;False;False;False;92;0.50;12.50;False;True;False;False;1;249.13676013630538;0;249.13676013630538;249.13676013630538
414;19.50;4.50;True;False;False;False;108;0.50;18.50;False;True;False;False;1;591.2504793637454;0;591.2504793637454;591.2504793637454
414;19.50;4.50;True;False;False;False;447;52.50;4.50;True;False;False;False;1;25.42898268029603;0;25.42898268029603;25.42898268029603
414;19.50;4.50;True;False;False;False;473;34.50;5.50;True;False;False;False;1;16.765468957059056;0;16.765468957059056;16.765468957059056
414;19.50;4.50;True;False;False;False;821;30.50;13.50;True;False;False;False;1;19.84216357290279;0;19.84216357290279;19.84216357290279
414;19.50;4.50;True;False;False;False;843;52.50;13.50;True;False;False;False;1;34.80166666666719;0;34.80166666666719;34.80166666666719
415;20.50;4.50;True;False;False;False;12;61.50;3.50;False;False;True;False;1;134.00963202725688;0;134.00963202725688;134.00963202725688
415;20.50;4.50;True;False;False;False;76;0.50;6.50;False;True;False;False;1;486.91851691798;0;486.91851691798;486.91851691798
415;20.50;4.50;True;False;False;False;563;36.50;7.50;True;False;False;False;1;19.47379509745224;0;19.47379509745224;19.47379509745224
416;21.50;4.50;True;False;False;False;12;61.50;3.50;False;False;True;False;1;94.11528537240156;0;94.11528537240156;94.11528537240156
416;21.50;4.50;True;False;False;False;732;29.50;11.50;True;False;False;False;1;17.614538235859072;0;17.614538235859072;17.614538235859072
419;24.50;4.50;True;False;False;False;28;61.50;9.50;False;False;True;False;1;57.77428618137492;0;57.77428618137492;57.77428618137492
419;24.50;4.50;True;False;False;False;820;29.50;13.50;True;False;False;False;1;16.032216636223893;0;16.032216636223893;16.032216636223893
420;25.50;4.50;True;False;False;False;867;32.50;14.50;True;False;False;False;1;20.486583262908425;0;20.486583262908425;20.486583262908425
421;26.50;4.50;True;False;False;False;28;61.50;9.50;False;False;True;False;1;78.2801907775538;0;78.2801907775538;78.2801907775538
421;26.50;4.50;True;False;False;False;346;39.50;2.50;True;False;False;False;1;17.58679772328469;0;17.58679772328469;17.58679772328469
422;27.50;4.50;True;False;False;False;28;61.50;9.50;False;False;True;False;1;61.87064374193869;0;61.87064374193869;61.87064374193869
422;27.50;4.50;True;False;False;False;1219;32.50;22.50;True;False;False;False;1;23.353707695521734;0;23.353707695521734;23.353707695521734
424;29.50;4.50;True;False;False;False;28;61.50;9.50;False;False;True;False;1;202.1067154291959;0;202.1067154291959;202.1067154291959
424;29.50;4.50;True;False;False;False;620;49.50;8.50;True;False;False;False;1;23.78783346871205;0;23.78783346871205;23.78783346871205
425;30.50;4.50;True;False;False;False;12;61.50;3.50;False;False;True;False;1;173.81824114882056;0;173.81824114882056;173.81824114882056
425;30.50;4.50;True;False;False;False;28;61.50;9.50;False;False;True;False;1;72.74972581867041;0;72.74972581867041;72.74972581867041
425;30.50;4.50;True;False;False;False;315;52.50;1.50;True;False;False;False;1;23.861292304471135;0;23.861292304471135;23.861292304471135
425;30.50;4.50;True;False;False;False;821;30.50;13.50;True;False;False;False;1;10.12074313838093;0;10.12074313838093;10.12074313838093
426;31.50;4.50;True;False;False;False;12;61.50;3.50;False;False;True;False;2;102.7915784707975;460.24651447107914;87.62176445626392;117.96139248533109
426;31.50;4.50;True;False;False;False;92;0.50;12.50;False;True;False;False;1;271.71878868896965;0;271.71878868896965;271.71878868896965
426;31.50;4.50;True;False;False;False;415;20.50;4.50;True;False;False;False;1;10.312590194949735;0;10.312590194949735;10.312590194949735
426;31.50;4.50;True;False;False;False;471;32.50;5.50;True;False;False;False;1;6.880472151795402;0;6.880472151795402;6.880472151795402
426;31.50;4.50;True;False;False;False;822;31.50;13.50;True;False;False;False;1;9.050649346963837;0;9.050649346963837;9.050649346963837
427;32.50;4.50;True;False;False;False;12;61.50;3.50;False;False;True;False;2;108.63783586458453;107.20950886840834;101.31630908158331;115.95936264758575
427;32.50;4.50;True;False;False;False;28;61.50;9.50;False;False;True;False;3;120.99059188244912;5408.998300155162;75.7740828611586;205.8531537468898
427;32.50;4.50;True;False;False;False;44;61.50;15.50;False;False;True;False;1;151.74362589865268;0;151.74362589865268;151.74362589865268
427;32.50;4.50;True;False;False;False;76;0.50;6.50;False;True;False;False;1;539.7690170570095;0;539.7690170570095;539.7690170570095
427;32.50;4.50;True;False;False;False;92;0.50;12.50;False;True;False;False;1;275.88498987666117;0;275.88498987666117;275.88498987666117
427;32.50;4.50;True;False;False;False;566;39.50;7.50;True;False;False;False;1;13.292871569190538;0;13.292871569190538;13.292871569190538
427;32.50;4.50;True;False;False;False;732;29.50;11.50;True;False;False;False;1;14.140183584644546;0;14.140183584644546;14.140183584644546
427;32.50;4.50;True;False;False;False;734;31.50;11.50;True;False;False;False;1;12.69499361052658;0;12.69499361052658;12.69499361052658
427;32.50;4.50;True;False;False;False;820;29.50;13.50;True;False;False;False;1;17.915368776179093;0;17.915368776179093;17.915368776179093
427;32.50;4.50;True;False;False;False;821;30.50;13.50;True;False;False;False;1;14.860829736871437;0;14.860829736871437;14.860829736871437
427;32.50;4.50;True;False;False;False;822;31.50;13.50;True;False;False;False;2;16.577180520335787;22.98603732580967;13.187045027039858;19.967316013631716
427;32.50;4.50;True;False;False;False;967;44.50;16.50;True;False;False;False;1;25.503698111311678;0;25.503698111311678;25.503698111311678
429;34.50;4.50;True;False;False;False;12;61.50;3.50;False;False;True;False;5;95.37378486290345;165.19025197021446;83.09695203908632;115.76852171959217
429;34.50;4.50;True;False;False;False;28;61.50;9.50;False;False;True;False;1;149.61224460443373;0;149.61224460443373;149.61224460443373
429;34.50;4.50;True;False;False;False;733;30.50;11.50;True;False;False;False;1;16.69217878127165;0;16.69217878127165;16.69217878127165
429;34.50;4.50;True;False;False;False;820;29.50;13.50;True;False;False;False;2;19.15569384185619;0.07579789655785525;18.96101731969975;19.350370364012633
429;34.50;4.50;True;False;False;False;821;30.50;13.50;True;False;False;False;1;26.5701713257331;0;26.5701713257331;26.5701713257331
429;34.50;4.50;True;False;False;False;864;29.50;14.50;True;False;False;False;1;16.56787156918881;0;16.56787156918881;16.56787156918881
429;34.50;4.50;True;False;False;False;866;31.50;14.50;True;False;False;False;1;15.183888888881484;0;15.183888888881484;15.183888888881484
430;35.50;4.50;True;False;False;False;12;61.50;3.50;False;False;True;False;2;175.00856061894706;224.7999716443642;164.4066746630342;185.6104465748599
430;35.50;4.50;True;False;False;False;44;61.50;15.50;False;False;True;False;1;137.64865814853692;0;137.64865814853692;137.64865814853692
430;35.50;4.50;True;False;False;False;711;52.50;10.50;True;False;False;False;1;22.046581675003836;0;22.046581675003836;22.046581675003836
430;35.50;4.50;True;False;False;False;733;30.50;11.50;True;False;False;False;1;17.459963732850156;0;17.459963732850156;17.459963732850156
430;35.50;4.50;True;False;False;False;821;30.50;13.50;True;False;False;False;1;22.797861181536064;0;22.797861181536064;22.797861181536064
431;36.50;4.50;True;False;False;False;12;61.50;3.50;False;False;True;False;1;88.57232001181183;0;88.57232001181183;88.57232001181183
431;36.50;4.50;True;False;False;False;818;27.50;13.50;True;False;False;False;1;21.638981092468953;0;21.638981092468953;21.638981092468953
431;36.50;4.50;True;False;False;False;864;29.50;14.50;True;False;False;False;1;26.70460458769594;0;26.70460458769594;26.70460458769594
432;37.50;4.50;True;False;False;False;28;61.50;9.50;False;False;True;False;1;90.89927524564155;0;90.89927524564155;90.89927524564155
432;37.50;4.50;True;False;False;False;44;61.50;15.50;False;False;True;False;2;126.0806220213999;0.2927837848650735;125.69801008688592;126.46323395591389
432;37.50;4.50;True;False;False;False;60;61.50;21.50;False;False;True;False;1;130.04071223074789;0;130.04071223074789;130.04071223074789
432;37.50;4.50;True;False;False;False;733;30.50;11.50;True;False;False;False;1;15.958992264497283;0;15.958992264497283;15.958992264497283
432;37.50;4.50;True;False;False;False;823;32.50;13.50;True;False;False;False;1;27.758888888874935;0;27.758888888874935;27.758888888874935
432;37.50;4.50;True;False;False;False;997;30.50;17.50;True;False;False;False;1;26.450093791412655;0;26.450093791412655;26.450093791412655
432;37.50;4.50;True;False;False;False;1009;42.50;17.50;True;False;False;False;1;20.052300039977126;0;20.052300039977126;20.052300039977126
434;39.50;4.50;True;False;False;False;28;61.50;9.50;False;False;True;False;1;108.11181589357784;0;108.11181589357784;108.11181589357784
434;39.50;4.50;True;False;False;False;864;29.50;14.50;True;False;False;False;1;28.691714909242364;0;28.691714909242364;28.691714909242364
435;40.50;4.50;True;False;False;False;44;61.50;15.50;False;False;True;False;1;95.07620490251611;0;95.07620490251611;95.07620490251611
435;40.50;4.50;True;False;False;False;989;22.50;17.50;True;False;False;False;1;27.335375165646838;0;27.335375165646838;27.335375165646838
436;41.50;4.50;True;False;False;False;60;61.50;21.50;False;False;True;False;1;90.55723021859649;0;90.55723021859649;90.55723021859649
436;41.50;4.50;True;False;False;False;346;39.50;2.50;True;False;False;False;1;9.52204183231811;0;9.52204183231811;9.52204183231811
437;42.50;4.50;True;False;False;False;12;61.50;3.50;False;False;True;False;2;95.29269957736142;4.355548330874594;93.8169712265335;96.76842792818934
437;42.50;4.50;True;False;False;False;28;61.50;9.50;False;False;True;False;2;70.21669064617527;1088.0400520946853;46.89245376589679;93.54092752645374
437;42.50;4.50;True;False;False;False;44;61.50;15.50;False;False;True;False;2;67.51389088798396;2.5071284923226393;66.39426405454287;68.63351772142505
437;42.50;4.50;True;False;False;False;108;0.50;18.50;False;True;False;False;3;573.282910372548;979.9469433688805;538.0735800663278;597.970953103445
437;42.50;4.50;True;False;False;False;429;34.50;4.50;True;False;False;False;1;9.825822543934919;0;9.825822543934919;9.825822543934919
437;42.50;4.50;True;False;False;False;566;39.50;7.50;True;False;False;False;1;11.476569680511602;0;11.476569680511602;11.476569680511602
437;42.50;4.50;True;False;False;False;820;29.50;13.50;True;False;False;False;1;44.44361470756121;0;44.44361470756121;44.44361470756121
437;42.50;4.50;True;False;False;False;821;30.50;13.50;True;False;False;False;4;28.640224211381337;101.95894503037799;21.18341404329476;43.423661324355635
437;42.50;4.50;True;False;False;False;823;32.50;13.50;True;False;False;False;1;19.927690375842758;0;19.927690375842758;19.927690375842758
437;42.50;4.50;True;False;False;False;864;29.50;14.50;True;False;False;False;1;22.81871488845536;0;22.81871488845536;22.81871488845536
439;44.50;4.50;True;False;False;False;12;61.50;3.50;False;False;True;False;3;93.80681126529392;238.75649011425136;83.9748291942924;111.61681589357795
439;44.50;4.50;True;False;False;False;28;61.50;9.50;False;False;True;False;1;83.17360831808946;0;83.17360831808946;83.17360831808946
439;44.50;4.50;True;False;False;False;44;61.50;15.50;False;False;True;False;2;79.52269637310064;66.48521279257082;73.75705621815814;85.28833652804315
439;44.50;4.50;True;False;False;False;76;0.50;6.50;False;True;False;False;1;587.2469632301254;0;587.2469632301254;587.2469632301254
439;44.50;4.50;True;False;False;False;108;0.50;18.50;False;True;False;False;2;561.9594304603452;795.4823885158582;542.0159805517178;581.9028803689725
439;44.50;4.50;True;False;False;False;124;0.50;24.50;False;True;False;False;1;554.0777175596268;0;554.0777175596268;554.0777175596268
439;44.50;4.50;True;False;False;False;577;50.50;7.50;True;False;False;False;1;12.834632027268526;0;12.834632027268526;12.834632027268526
439;44.50;4.50;True;False;False;False;613;42.50;8.50;True;False;False;False;1;10.922446592059714;0;10.922446592059714;10.922446592059714
439;44.50;4.50;True;False;False;False;820;29.50;13.50;True;False;False;False;2;31.40954023494851;71.3725798406718;25.435739943648514;37.3833405262485
439;44.50;4.50;True;False;False;False;821;30.50;13.50;True;False;False;False;3;27.354203388933154;14.270575574995783;25.094266445819812;31.715284568963398
439;44.50;4.50;True;False;False;False;822;31.50;13.50;True;False;False;False;2;21.884107374678933;0.042176817234439216;21.738888888881775;22.029325860476092
439;44.50;4.50;True;False;False;False;1344;25.50;25.50;True;False;False;False;1;33.434624815336065;0;33.434624815336065;33.434624815336065
440;45.50;4.50;True;False;False;False;12;61.50;3.50;False;False;True;False;2;133.4839878741318;227.30666660517844;122.82315613816536;144.14481961009824
440;45.50;4.50;True;False;False;False;28;61.50;9.50;False;False;True;False;1;71.47194404271067;0;71.47194404271067;71.47194404271067
440;45.50;4.50;True;False;False;False;623;52.50;8.50;True;False;False;False;1;14.994170263125852;0;14.994170263125852;14.994170263125852
440;45.50;4.50;True;False;False;False;821;30.50;13.50;True;False;False;False;1;25.369268052724692;0;25.369268052724692;25.369268052724692
440;45.50;4.50;True;False;False;False;866;31.50;14.50;True;False;False;False;1;28.199628832531744;0;28.199628832531744;28.199628832531744
441;46.50;4.50;True;False;False;False;12;61.50;3.50;False;False;True;False;1;123.84472981685758;0;123.84472981685758;123.84472981685758
441;46.50;4.50;True;False;False;False;28;61.50;9.50;False;False;True;False;2;114.03812709339309;2021.623550744178;82.24486089798484;145.83139328880134
441;46.50;4.50;True;False;False;False;60;61.50;21.50;False;False;True;False;1;117.25620890070059;0;117.25620890070059;117.25620890070059
441;46.50;4.50;True;False;False;False;460;21.50;5.50;True;False;False;False;1;24.708982680300323;0;24.708982680300323;24.708982680300323
441;46.50;4.50;True;False;False;False;559;32.50;7.50;True;False;False;False;1;18.16676365280364;0;18.16676365280364;18.16676365280364
441;46.50;4.50;True;False;False;False;823;32.50;13.50;True;False;False;False;2;22.443382228125984;0.05751687763223765;22.273799095662525;22.612965360589442
442;47.50;4.50;True;False;False;False;12;61.50;3.50;False;False;True;False;2;76.36838422722121;2744.6298975282325;39.323614707569504;113.41315374687292
442;47.50;4.50;True;False;False;False;28;61.50;9.50;False;False;True;False;1;62.490461764140036;0;62.490461764140036;62.490461764140036
442;47.50;4.50;True;False;False;False;44;61.50;15.50;False;False;True;False;1;162.7301979704498;0;162.7301979704498;162.7301979704498
442;47.50;4.50;True;False;False;False;124;0.50;24.50;False;True;False;False;1;555.3762435229655;0;555.3762435229655;555.3762435229655
442;47.50;4.50;True;False;False;False;488;49.50;5.50;True;False;False;False;1;8.459522724413546;0;8.459522724413546;8.459522724413546
442;47.50;4.50;True;False;False;False;618;47.50;8.50;True;False;False;False;1;6.305836929795532;0;6.305836929795532;6.305836929795532
442;47.50;4.50;True;False;False;False;733;30.50;11.50;True;False;False;False;1;34.35325712248232;0;34.35325712248232;34.35325712248232
442;47.50;4.50;True;False;False;False;821;30.50;13.50;True;False;False;False;1;32.17352091615612;0;32.17352091615612;32.17352091615612
442;47.50;4.50;True;False;False;False;1256;25.50;23.50;True;False;False;False;1;34.1236170988268;0;34.1236170988268;34.1236170988268
444;49.50;4.50;True;False;False;False;12;61.50;3.50;False;False;True;False;2;86.74551465712648;49.19327511821115;81.78601492841335;91.7050143858396
444;49.50;4.50;True;False;False;False;691;32.50;10.50;True;False;False;False;1;24.865000000000123;0;24.865000000000123;24.865000000000123
444;49.50;4.50;True;False;False;False;838;47.50;13.50;True;False;False;False;1;14.235823347402402;0;14.235823347402402;14.235823347402402
444;49.50;4.50;True;False;False;False;864;29.50;14.50;True;False;False;False;1;29.079350653030815;0;29.079350653030815;29.079350653030815
445;50.50;4.50;True;False;False;False;12;61.50;3.50;False;False;True;False;1;100.93441781853107;0;100.93441781853107;100.93441781853107
445;50.50;4.50;True;False;False;False;44;61.50;15.50;False;False;True;False;1;212.8753719709161;0;212.8753719709161;212.8753719709161
445;50.50;4.50;True;False;False;False;312;49.50;1.50;True;False;False;False;1;8.376385292427585;0;8.376385292427585;8.376385292427585
445;50.50;4.50;True;False;False;False;818;27.50;13.50;True;False;False;False;1;29.20333333333342;0;29.20333333333342;29.20333333333342
446;51.50;4.50;True;False;False;False;12;61.50;3.50;False;False;True;False;1;111.17842073527572;0;111.17842073527572;111.17842073527572
446;51.50;4.50;True;False;False;False;44;61.50;15.50;False;False;True;False;1;90.81676445624908;0;90.81676445624908;90.81676445624908
446;51.50;4.50;True;False;False;False;458;19.50;5.50;True;False;False;False;1;28.767129234256572;0;28.767129234256572;28.767129234256572
446;51.50;4.50;True;False;False;False;734;31.50;11.50;True;False;False;False;1;25.37537197092024;0;25.37537197092024;25.37537197092024
447;52.50;4.50;True;False;False;False;12;61.50;3.50;False;False;True;False;6;111.6491762603927;961.8673814964277;71.26101731969538;149.23508181593934
447;52.50;4.50;True;False;False;False;28;61.50;9.50;False;False;True;False;6;71.01400048662647;1115.2042033373464;24.952605632815903;122.07241699795486
447;52.50;4.50;True;False;False;False;44;61.50;15.50;False;False;True;False;1;166.62999041579462;0;166.62999041579462;166.62999041579462
447;52.50;4.50;True;False;False;False;60;61.50;21.50;False;False;True;False;1;90.36481241716865;0;90.36481241716865;90.36481241716865
447;52.50;4.50;True;False;False;False;76;0.50;6.50;False;True;False;False;1;186.35447351874973;0;186.35447351874973;186.35447351874973
447;52.50;4.50;True;False;False;False;300;37.50;1.50;True;False;False;False;1;19.89398587504911;0;19.89398587504911;19.89398587504911
447;52.50;4.50;True;False;False;False;734;31.50;11.50;True;False;False;False;1;25.57574233493142;0;25.57574233493142;25.57574233493142
447;52.50;4.50;True;False;False;False;748;45.50;11.50;True;False;False;False;1;16.308068736179848;0;16.308068736179848;16.308068736179848
447;52.50;4.50;True;False;False;False;754;51.50;11.50;True;False;False;False;1;11.250649346966384;0;11.250649346966384;11.250649346966384
447;52.50;4.50;True;False;False;False;820;29.50;13.50;True;False;False;False;1;45.903754331313394;0;45.903754331313394;45.903754331313394
447;52.50;4.50;True;False;False;False;821;30.50;13.50;True;False;False;False;2;30.96204702615296;17.470593650282183;28.006493469686575;33.91760058261934
447;52.50;4.50;True;False;False;False;822;31.50;13.50;True;False;False;False;3;28.7720957514163;7.475251430690111;26.888596074968518;31.908059152014175
447;52.50;4.50;True;False;False;False;823;32.50;13.50;True;False;False;False;1;26.241111111110968;0;26.241111111110968;26.241111111110968
447;52.50;4.50;True;False;False;False;838;47.50;13.50;True;False;False;False;1;20.928888888888878;0;20.928888888888878;20.928888888888878
447;52.50;4.50;True;False;False;False;843;52.50;13.50;True;False;False;False;1;9.515190777560747;0;9.515190777560747;9.515190777560747
447;52.50;4.50;True;False;False;False;952;29.50;16.50;True;False;False;False;1;43.95742019271711;0;43.95742019271711;43.95742019271711
447;52.50;4.50;True;False;False;False;1257;26.50;23.50;True;False;False;False;1;37.40995577452486;0;37.40995577452486;37.40995577452486
449;10.50;5.50;True;False;False;False;44;61.50;15.50;False;False;True;False;1;63.58963602545555;0;63.58963602545555;63.58963602545555
449;10.50;5.50;True;False;False;False;596;25.50;8.50;True;False;False;False;1;19.776948040905268;0;19.776948040905268;19.776948040905268
449;10.50;5.50;True;False;False;False;1277;46.50;23.50;True;False;False;False;1;54.54185744423012;0;54.54185744423012;54.54185744423012
450;11.50;5.50;True;False;False;False;28;61.50;9.50;False;False;True;False;1;121.64989314608829;0;121.64989314608829;121.64989314608829
450;11.50;5.50;True;False;False;False;44;61.50;15.50;False;False;True;False;1;127.80426085980434;0;127.80426085980434;127.80426085980434
450;11.50;5.50;True;False;False;False;952;29.50;16.50;True;False;False;False;1;27.230906751177827;0;27.230906751177827;27.230906751177827
450;11.50;5.50;True;False;False;False;1412;49.50;26.50;True;False;False;False;1;46.44324673483425;0;46.44324673483425;46.44324673483425
451;12.50;5.50;True;False;False;False;12;61.50;3.50;False;False;True;False;1;137.68769437400624;0;137.68769437400624;137.68769437400624
451;12.50;5.50;True;False;False;False;44;61.50;15.50;False;False;True;False;1;118.55223580456732;0;118.55223580456732;118.55223580456732
451;12.50;5.50;True;False;False;False;554;27.50;7.50;True;False;False;False;1;18.570371970912674;0;18.570371970912674;18.570371970912674
451;12.50;5.50;True;False;False;False;837;46.50;13.50;True;False;False;False;1;39.20518438808358;0;39.20518438808358;39.20518438808358
453;14.50;5.50;True;False;False;False;76;0.50;6.50;False;True;False;False;1;592.3090431311248;0;592.3090431311248;592.3090431311248
453;14.50;5.50;True;False;False;False;351;44.50;2.50;True;False;False;False;1;29.077765461070157;0;29.077765461070157;29.077765461070157
455;16.50;5.50;True;False;False;False;12;61.50;3.50;False;False;True;False;1;71.275642154058;0;71.275642154058;71.275642154058
455;16.50;5.50;True;False;False;False;60;61.50;21.50;False;False;True;False;2;118.46020422774927;5.264386543561653;116.83780067999032;120.08260777550822
455;16.50;5.50;True;False;False;False;303;40.50;1.50;True;False;False;False;1;25.558619773713872;0;25.558619773713872;25.558619773713872
455;16.50;5.50;True;False;False;False;309;46.50;1.50;True;False;False;False;1;30.227138818466983;0;30.227138818466983;30.227138818466983
455;16.50;5.50;True;False;False;False;830;39.50;13.50;True;False;False;False;1;27.748506505799014;0;27.748506505799014;27.748506505799014
455;16.50;5.50;True;False;False;False;1275;44.50;23.50;True;False;False;False;1;38.02342632129512;0;38.02342632129512;38.02342632129512
458;19.50;5.50;True;False;False;False;28;61.50;9.50;False;False;True;False;1;69.69072450577187;0;69.69072450577187;69.69072450577187
458;19.50;5.50;True;False;False;False;44;61.50;15.50;False;False;True;False;1;169.22462483433446;0;169.22462483433446;169.22462483433446
458;19.50;5.50;True;False;False;False;354;47.50;2.50;True;False;False;False;1;27.827127627357186;0;27.827127627357186;27.827127627357186
458;19.50;5.50;True;False;False;False;613;42.50;8.50;True;False;False;False;1;34.07573371329454;0;34.07573371329454;34.07573371329454
458;19.50;5.50;True;False;False;False;1092;37.50;19.50;True;False;False;False;1;29.497583002035753;0;29.497583002035753;29.497583002035753
459;20.50;5.50;True;False;False;False;28;61.50;9.50;False;False;True;False;1;55.82062909152228;0;55.82062909152228;55.82062909152228
459;20.50;5.50;True;False;False;False;44;61.50;15.50;False;False;True;False;1;121.68620251122775;0;121.68620251122775;121.68620251122775
459;20.50;5.50;True;False;False;False;60;61.50;21.50;False;False;True;False;1;193.92935784593283;0;193.92935784593283;193.92935784593283
459;20.50;5.50;True;False;False;False;480;41.50;5.50;True;False;False;False;1;17.310642957490927;0;17.310642957490927;17.310642957490927
459;20.50;5.50;True;False;False;False;823;32.50;13.50;True;False;False;False;1;20.2311041827561;0;20.2311041827561;20.2311041827561
459;20.50;5.50;True;False;False;False;838;47.50;13.50;True;False;False;False;1;31.45879190273081;0;31.45879190273081;31.45879190273081
460;21.50;5.50;True;False;False;False;12;61.50;3.50;False;False;True;False;3;121.3660652724296;2163.4630774833913;93.51545989270016;175.06222302564856
460;21.50;5.50;True;False;False;False;28;61.50;9.50;False;False;True;False;3;106.42017506370242;1223.2812128435542;76.23494327423941;144.74897070480893
460;21.50;5.50;True;False;False;False;307;44.50;1.50;True;False;False;False;1;25.27981002587694;0;25.27981002587694;25.27981002587694
460;21.50;5.50;True;False;False;False;744;41.50;11.50;True;False;False;False;1;24.180735141995683;0;24.180735141995683;24.180735141995683
460;21.50;5.50;True;False;False;False;838;47.50;13.50;True;False;False;False;1;32.96779535834503;0;32.96779535834503;32.96779535834503
460;21.50;5.50;True;False;False;False;968;45.50;16.50;True;False;False;False;1;32.05314894524372;0;32.05314894524372;32.05314894524372
460;21.50;5.50;True;False;False;False;1007;40.50;17.50;True;False;False;False;1;28.34139286419304;0;28.34139286419304;28.34139286419304
460;21.50;5.50;True;False;False;False;1146;47.50;20.50;True;False;False;False;1;34.49418065077589;0;34.49418065077589;34.49418065077589
461;22.50;5.50;True;False;False;False;12;61.50;3.50;False;False;True;False;1;115.56444444443332;0;115.56444444443332;115.56444444443332
461;22.50;5.50;True;False;False;False;28;61.50;9.50;False;False;True;False;2;102.6186167066553;444.36247620697225;87.71287156917606;117.52436184413455
461;22.50;5.50;True;False;False;False;60;61.50;21.50;False;False;True;False;1;54.63563895929474;0;54.63563895929474;54.63563895929474
461;22.50;5.50;True;False;False;False;563;36.50;7.50;True;False;False;False;1;19.254729816857434;0;19.254729816857434;19.254729816857434
461;22.50;5.50;True;False;False;False;820;29.50;13.50;True;False;False;False;1;17.477689572391682;0;17.477689572391682;17.477689572391682
461;22.50;5.50;True;False;False;False;963;40.50;16.50;True;False;False;False;1;27.620836929778307;0;27.620836929778307;27.620836929778307
461;22.50;5.50;True;False;False;False;1277;46.50;23.50;True;False;False;False;1;34.992057021601795;0;34.992057021601795;34.992057021601795
463;24.50;5.50;True;False;False;False;44;61.50;15.50;False;False;True;False;1;159.7446200517843;0;159.7446200517843;159.7446200517843
463;24.50;5.50;True;False;False;False;92;0.50;12.50;False;True;False;False;1;262.3455667466369;0;262.3455667466369;262.3455667466369
463;24.50;5.50;True;False;False;False;733;30.50;11.50;True;False;False;False;1;15.918055957274191;0;15.918055957274191;15.918055957274191
463;24.50;5.50;True;False;False;False;1366;47.50;25.50;True;False;False;False;1;39.142048221765435;0;39.142048221765435;39.142048221765435
464;25.50;5.50;True;False;False;False;44;61.50;15.50;False;False;True;False;1;105.38397550637455;0;105.38397550637455;105.38397550637455
465;26.50;5.50;True;False;False;False;12;61.50;3.50;False;False;True;False;1;120.610666952065;0;120.610666952065;120.610666952065
465;26.50;5.50;True;False;False;False;28;61.50;9.50;False;False;True;False;1;114.38269437401141;0;114.38269437401141;114.38269437401141
465;26.50;5.50;True;False;False;False;60;61.50;21.50;False;False;True;False;1;81.26065015041877;0;81.26065015041877;81.26065015041877
465;26.50;5.50;True;False;False;False;1009;42.50;17.50;True;False;False;False;1;34.947680791628954;0;34.947680791628954;34.947680791628954
465;26.50;5.50;True;False;False;False;1275;44.50;23.50;True;False;False;False;1;31.072777777781084;0;31.072777777781084;31.072777777781084
466;27.50;5.50;True;False;False;False;12;61.50;3.50;False;False;True;False;1;130.1994822614397;0;130.1994822614397;130.1994822614397
466;27.50;5.50;True;False;False;False;579;52.50;7.50;True;False;False;False;1;25.61083293160482;0;25.61083293160482;25.61083293160482
466;27.50;5.50;True;False;False;False;826;35.50;13.50;True;False;False;False;1;20.913847877192893;0;20.913847877192893;20.913847877192893
468;29.50;5.50;True;False;False;False;12;61.50;3.50;False;False;True;False;2;122.49306555100361;963.677992526996;100.5422342167808;144.44389688522642
468;29.50;5.50;True;False;False;False;92;0.50;12.50;False;True;False;False;1;256.80069650261794;0;256.80069650261794;256.80069650261794
468;29.50;5.50;True;False;False;False;563;36.50;7.50;True;False;False;False;1;12.115836929795478;0;12.115836929795478;12.115836929795478
468;29.50;5.50;True;False;False;False;821;30.50;13.50;True;False;False;False;1;12.083517721406679;0;12.083517721406679;12.083517721406679
468;29.50;5.50;True;False;False;False;828;37.50;13.50;True;False;False;False;1;17.688676532623504;0;17.688676532623504;17.688676532623504
469;30.50;5.50;True;False;False;False;28;61.50;9.50;False;False;True;False;1;79.67935465122264;0;79.67935465122264;79.67935465122264
469;30.50;5.50;True;False;False;False;92;0.50;12.50;False;True;False;False;1;284.30575432944534;0;284.30575432944534;284.30575432944534
469;30.50;5.50;True;False;False;False;732;29.50;11.50;True;False;False;False;1;11.619343460104574;0;11.619343460104574;11.619343460104574
470;31.50;5.50;True;False;False;False;12;61.50;3.50;False;False;True;False;1;127.98009459485957;0;127.98009459485957;127.98009459485957
471;32.50;5.50;True;False;False;False;12;61.50;3.50;False;False;True;False;7;108.8197751536892;1400.6319871068858;84.31083212815065;190.58247857752576
471;32.50;5.50;True;False;False;False;28;61.50;9.50;False;False;True;False;1;105.38352091615957;0;105.38352091615957;105.38352091615957
471;32.50;5.50;True;False;False;False;44;61.50;15.50;False;False;True;False;1;124.87562055631497;0;124.87562055631497;124.87562055631497
471;32.50;5.50;True;False;False;False;124;0.50;24.50;False;True;False;False;1;544.2878169561782;0;544.2878169561782;544.2878169561782
471;32.50;5.50;True;False;False;False;478;39.50;5.50;True;False;False;False;1;9.30129869393204;0;9.30129869393204;9.30129869393204
471;32.50;5.50;True;False;False;False;612;41.50;8.50;True;False;False;False;1;15.27139248534877;0;15.27139248534877;15.27139248534877
471;32.50;5.50;True;False;False;False;734;31.50;11.50;True;False;False;False;1;17.959447639186692;0;17.959447639186692;17.959447639186692
471;32.50;5.50;True;False;False;False;820;29.50;13.50;True;False;False;False;1;14.183881695967784;0;14.183881695967784;14.183881695967784
471;32.50;5.50;True;False;False;False;821;30.50;13.50;True;False;False;False;1;16.889718625759997;0;16.889718625759997;16.889718625759997
471;32.50;5.50;True;False;False;False;822;31.50;13.50;True;False;False;False;1;12.62259338968397;0;12.62259338968397;12.62259338968397
471;32.50;5.50;True;False;False;False;823;32.50;13.50;True;False;False;False;2;10.852142414928949;7.230565524233748;8.950752722594189;12.753532107263709
471;32.50;5.50;True;False;False;False;864;29.50;14.50;True;False;False;False;1;14.86936184413571;0;14.86936184413571;14.86936184413571
471;32.50;5.50;True;False;False;False;865;30.50;14.50;True;False;False;False;1;13.951298693937133;0;13.951298693937133;13.951298693937133
473;34.50;5.50;True;False;False;False;12;61.50;3.50;False;False;True;False;3;112.21895568249845;671.3457878935909;87.76629869393582;139.37500160690433
473;34.50;5.50;True;False;False;False;76;0.50;6.50;False;True;False;False;1;596.3288992956295;0;596.3288992956295;596.3288992956295
473;34.50;5.50;True;False;False;False;92;0.50;12.50;False;True;False;False;1;248.42495044261887;0;248.42495044261887;248.42495044261887
473;34.50;5.50;True;False;False;False;820;29.50;13.50;True;False;False;False;1;22.467496403539826;0;22.467496403539826;22.467496403539826
473;34.50;5.50;True;False;False;False;822;31.50;13.50;True;False;False;False;1;14.071395680084606;0;14.071395680084606;14.071395680084606
473;34.50;5.50;True;False;False;False;864;29.50;14.50;True;False;False;False;1;22.772597387872338;0;22.772597387872338;22.772597387872338
473;34.50;5.50;True;False;False;False;866;31.50;14.50;True;False;False;False;1;15.106208900715501;0;15.106208900715501;15.106208900715501
473;34.50;5.50;True;False;False;False;867;32.50;14.50;True;False;False;False;1;13.80277777777519;0;13.80277777777519;13.80277777777519
474;35.50;5.50;True;False;False;False;12;61.50;3.50;False;False;True;False;7;114.71523695289268;895.4701992663393;78.56573594545898;156.71388649760956
474;35.50;5.50;True;False;False;False;28;61.50;9.50;False;False;True;False;3;125.44126503249056;1103.2137626670074;88.34592832992348;152.42491340149536
474;35.50;5.50;True;False;False;False;60;61.50;21.50;False;False;True;False;1;139.6844548320587;0;139.6844548320587;139.6844548320587
474;35.50;5.50;True;False;False;False;124;0.50;24.50;False;True;False;False;1;566.6834463121559;0;566.6834463121559;566.6834463121559
474;35.50;5.50;True;False;False;False;465;26.50;5.50;True;False;False;False;1;10.14134719926733;0;10.14134719926733;10.14134719926733
474;35.50;5.50;True;False;False;False;475;36.50;5.50;True;False;False;False;1;2.999815611914528;0;2.999815611914528;2.999815611914528
474;35.50;5.50;True;False;False;False;479;40.50;5.50;True;False;False;False;1;7.474906208584798;0;7.474906208584798;7.474906208584798
474;35.50;5.50;True;False;False;False;700;41.50;10.50;True;False;False;False;1;15.340367972730746;0;15.340367972730746;15.340367972730746
474;35.50;5.50;True;False;False;False;821;30.50;13.50;True;False;False;False;3;17.079507239867024;2.9402951738568675;15.652597387874266;18.981760458077588
474;35.50;5.50;True;False;False;False;822;31.50;13.50;True;False;False;False;2;16.06768598545341;0.017806051672401322;15.973330138595884;16.162041832310933
474;35.50;5.50;True;False;False;False;833;42.50;13.50;True;False;False;False;1;16.71444444444205;0;16.71444444444205;16.71444444444205
474;35.50;5.50;True;False;False;False;865;30.50;14.50;True;False;False;False;1;16.898912055467918;0;16.898912055467918;16.898912055467918
474;35.50;5.50;True;False;False;False;981;14.50;17.50;True;False;False;False;1;29.77564695568435;0;29.77564695568435;29.77564695568435
475;36.50;5.50;True;False;False;False;12;61.50;3.50;False;False;True;False;3;101.4435387771935;179.9945039693907;87.59255957085588;114.3779621658681
475;36.50;5.50;True;False;False;False;28;61.50;9.50;False;False;True;False;3;135.8910116328343;41.1930200274945;128.4804761499654;139.67369332876115
475;36.50;5.50;True;False;False;False;124;0.50;24.50;False;True;False;False;1;593.0461161581534;0;593.0461161581534;593.0461161581534
475;36.50;5.50;True;False;False;False;347;40.50;2.50;True;False;False;False;1;11.21097468212065;0;11.21097468212065;11.21097468212065
475;36.50;5.50;True;False;False;False;447;52.50;4.50;True;False;False;False;1;17.97815774495757;0;17.97815774495757;17.97815774495757
475;36.50;5.50;True;False;False;False;569;42.50;7.50;True;False;False;False;1;13.730184388088674;0;13.730184388088674;13.730184388088674
475;36.50;5.50;True;False;False;False;822;31.50;13.50;True;False;False;False;3;16.545808681037823;0.06490299678578876;16.270923528287312;16.773979485566088
475;36.50;5.50;True;False;False;False;823;32.50;13.50;True;False;False;False;1;15.23394805802127;0;15.23394805802127;15.23394805802127
476;37.50;5.50;True;False;False;False;12;61.50;3.50;False;False;True;False;6;88.66401248064396;287.1558740220753;73.73333333333721;118.73268398635264
476;37.50;5.50;True;False;False;False;28;61.50;9.50;False;False;True;False;3;100.4505457098882;266.12070354214205;87.39107357774628;118.73648627675357
476;37.50;5.50;True;False;False;False;76;0.50;6.50;False;True;False;False;1;370.9260309211574;0;370.9260309211574;370.9260309211574
476;37.50;5.50;True;False;False;False;427;32.50;4.50;True;False;False;False;1;10.749173457845245;0;10.749173457845245;10.749173457845245
476;37.50;5.50;True;False;False;False;606;35.50;8.50;True;False;False;False;1;10.016099919979752;0;10.016099919979752;10.016099919979752
476;37.50;5.50;True;False;False;False;617;46.50;8.50;True;False;False;False;1;15.453145750508156;0;15.453145750508156;15.453145750508156
476;37.50;5.50;True;False;False;False;820;29.50;13.50;True;False;False;False;1;18.005649346963764;0;18.005649346963764;18.005649346963764
476;37.50;5.50;True;False;False;False;821;30.50;13.50;True;False;False;False;2;17.03723755322062;0.00034242768111022076;17.024152682546628;17.050322423894613
476;37.50;5.50;True;False;False;False;822;31.50;13.50;True;False;False;False;1;17.41337920370279;0;17.41337920370279;17.41337920370279
476;37.50;5.50;True;False;False;False;823;32.50;13.50;True;False;False;False;2;16.11009019495168;0.0968003535187;15.890089793226252;16.33009059667711
478;39.50;5.50;True;False;False;False;12;61.50;3.50;False;False;True;False;5;104.77181912801666;776.0768520711906;81.80093791412583;152.35526698836293
478;39.50;5.50;True;False;False;False;28;61.50;9.50;False;False;True;False;2;92.7418109502446;6012.668873946905;37.91176045807879;147.5718614424104
478;39.50;5.50;True;False;False;False;44;61.50;15.50;False;False;True;False;1;133.85196003543751;0;133.85196003543751;133.85196003543751
478;39.50;5.50;True;False;False;False;76;0.50;6.50;False;True;False;False;1;552.0638142848911;0;552.0638142848911;552.0638142848911
478;39.50;5.50;True;False;False;False;307;44.50;1.50;True;False;False;False;1;17.910548362631744;0;17.910548362631744;17.910548362631744
478;39.50;5.50;True;False;False;False;434;39.50;4.50;True;False;False;False;1;4.418423930012068;0;4.418423930012068;4.418423930012068
478;39.50;5.50;True;False;False;False;613;42.50;8.50;True;False;False;False;1;11.069444444437977;0;11.069444444437977;11.069444444437977
478;39.50;5.50;True;False;False;False;733;30.50;11.50;True;False;False;False;1;17.211204902523605;0;17.211204902523605;17.211204902523605
478;39.50;5.50;True;False;False;False;820;29.50;13.50;True;False;False;False;1;20.25296935878987;0;20.25296935878987;20.25296935878987
478;39.50;5.50;True;False;False;False;822;31.50;13.50;True;False;False;False;2;20.603336528071395;3.4021885892129218;19.299076471715125;21.907596584427665
478;39.50;5.50;True;False;False;False;837;46.50;13.50;True;False;False;False;1;16.807036227230128;0;16.807036227230128;16.807036227230128
478;39.50;5.50;True;False;False;False;866;31.50;14.50;True;False;False;False;1;22.360555555562314;0;22.360555555562314;22.360555555562314
479;40.50;5.50;True;False;False;False;12;61.50;3.50;False;False;True;False;5;165.16155651587232;4133.281994442032;75.68018758283051;239.19711404497139
479;40.50;5.50;True;False;False;False;28;61.50;9.50;False;False;True;False;1;84.4032467348461;0;84.4032467348461;84.4032467348461
479;40.50;5.50;True;False;False;False;76;0.50;6.50;False;True;False;False;1;611.1155947148436;0;611.1155947148436;611.1155947148436
479;40.50;5.50;True;False;False;False;108;0.50;18.50;False;True;False;False;1;631.0862930888597;0;631.0862930888597;631.0862930888597
479;40.50;5.50;True;False;False;False;474;35.50;5.50;True;False;False;False;1;7.2749062085858895;0;7.2749062085858895;7.2749062085858895
479;40.50;5.50;True;False;False;False;478;39.50;5.50;True;False;False;False;1;3.5753679727295093;0;3.5753679727295093;3.5753679727295093
479;40.50;5.50;True;False;False;False;673;14.50;10.50;True;False;False;False;1;28.179442034088424;0;28.179442034088424;28.179442034088424
479;40.50;5.50;True;False;False;False;733;30.50;11.50;True;False;False;False;2;20.772823076116765;10.74714978984321;18.454725818683073;23.090920333550457
479;40.50;5.50;True;False;False;False;822;31.50;13.50;True;False;False;False;3;21.021542944179902;6.151591896340558;18.433982680303416;23.378333333334012
479;40.50;5.50;True;False;False;False;882;47.50;14.50;True;False;False;False;1;18.966205705974062;0;18.966205705974062;18.966205705974062
480;41.50;5.50;True;False;False;False;12;61.50;3.50;False;False;True;False;8;95.17034083035787;1662.2890722813659;41.571118323041446;172.84435784594825
480;41.50;5.50;True;False;False;False;28;61.50;9.50;False;False;True;False;1;126.58650066260725;0;126.58650066260725;126.58650066260725
480;41.50;5.50;True;False;False;False;76;0.50;6.50;False;True;False;False;1;585.4114332514982;0;585.4114332514982;585.4114332514982
480;41.50;5.50;True;False;False;False;294;31.50;1.50;True;False;False;False;1;16.420274984746356;0;16.420274984746356;16.420274984746356
480;41.50;5.50;True;False;False;False;342;35.50;2.50;True;False;False;False;1;12.975739140191763;0;12.975739140191763;12.975739140191763
480;41.50;5.50;True;False;False;False;481;42.50;5.50;True;False;False;False;1;2.917316013634263;0;2.917316013634263;2.917316013634263
480;41.50;5.50;True;False;False;False;485;46.50;5.50;True;False;False;False;1;7.203705304250434;0;7.203705304250434;7.203705304250434
480;41.50;5.50;True;False;False;False;729;26.50;11.50;True;False;False;False;1;21.928989069776435;0;21.928989069776435;21.928989069776435
480;41.50;5.50;True;False;False;False;734;31.50;11.50;True;False;False;False;1;17.94854966877756;0;17.94854966877756;17.94854966877756
480;41.50;5.50;True;False;False;False;811;20.50;13.50;True;False;False;False;1;26.76555155734968;0;26.76555155734968;26.76555155734968
480;41.50;5.50;True;False;False;False;818;27.50;13.50;True;False;False;False;1;22.293242736650427;0;22.293242736650427;22.293242736650427
480;41.50;5.50;True;False;False;False;822;31.50;13.50;True;False;False;False;1;19.622871569190465;0;19.622871569190465;19.622871569190465
480;41.50;5.50;True;False;False;False;864;29.50;14.50;True;False;False;False;1;21.448982680294648;0;21.448982680294648;21.448982680294648
481;42.50;5.50;True;False;False;False;12;61.50;3.50;False;False;True;False;2;112.99193203871204;68.31671212294042;107.14741699796912;118.83644707945496
481;42.50;5.50;True;False;False;False;28;61.50;9.50;False;False;True;False;3;96.49235981284316;560.6742382820414;78.00616734992582;123.18165203225362
481;42.50;5.50;True;False;False;False;44;61.50;15.50;False;False;True;False;1;158.88409485574266;0;158.88409485574266;158.88409485574266
481;42.50;5.50;True;False;False;False;76;0.50;6.50;False;True;False;False;2;607.2686774683561;1166.1082629255443;583.1221636110149;631.4151913256974
481;42.50;5.50;True;False;False;False;108;0.50;18.50;False;True;False;False;1;589.7253922262953;0;589.7253922262953;589.7253922262953
481;42.50;5.50;True;False;False;False;440;45.50;4.50;True;False;False;False;1;9.851835616898825;0;9.851835616898825;9.851835616898825
481;42.50;5.50;True;False;False;False;491;52.50;5.50;True;False;False;False;1;10.820187582823564;0;10.820187582823564;10.820187582823564
481;42.50;5.50;True;False;False;False;578;51.50;7.50;True;False;False;False;1;13.82962483434494;0;13.82962483434494;13.82962483434494
481;42.50;5.50;True;False;False;False;743;40.50;11.50;True;False;False;False;1;12.131626684953517;0;12.131626684953517;12.131626684953517
481;42.50;5.50;True;False;False;False;821;30.50;13.50;True;False;False;False;1;27.934720497196395;0;27.934720497196395;27.934720497196395
481;42.50;5.50;True;False;False;False;831;40.50;13.50;True;False;False;False;1;12.997236627132224;0;12.997236627132224;12.997236627132224
481;42.50;5.50;True;False;False;False;835;44.50;13.50;True;False;False;False;1;15.134256861623726;0;15.134256861623726;15.134256861623726
481;42.50;5.50;True;False;False;False;866;31.50;14.50;True;False;False;False;1;27.591122302204894;0;27.591122302204894;27.591122302204894
481;42.50;5.50;True;False;False;False;1214;27.50;22.50;True;False;False;False;1;29.58250359645899;0;29.58250359645899;29.58250359645899
483;44.50;5.50;True;False;False;False;12;61.50;3.50;False;False;True;False;11;99.36120021947293;1044.7386736379606;31.25342712474619;156.76138689931395
483;44.50;5.50;True;False;False;False;28;61.50;9.50;False;False;True;False;2;123.67711547198269;1154.6306000598795;99.64972901340298;147.7045019305624
483;44.50;5.50;True;False;False;False;60;61.50;21.50;False;False;True;False;1;105.58463922018564;0;105.58463922018564;105.58463922018564
483;44.50;5.50;True;False;False;False;676;17.50;10.50;True;False;False;False;1;29.313326943858556;0;29.313326943858556;29.313326943858556
483;44.50;5.50;True;False;False;False;732;29.50;11.50;True;False;False;False;2;27.019714438187293;51.29141037706275;21.955555555556202;32.083873320818384
483;44.50;5.50;True;False;False;False;734;31.50;11.50;True;False;False;False;2;20.001571277884068;1.873637356754313E-05;19.998510528501356;20.00463202726678
483;44.50;5.50;True;False;False;False;820;29.50;13.50;True;False;False;False;3;24.01092592592431;3.0397732510234508;22.09944444444409;25.51388888888505
483;44.50;5.50;True;False;False;False;821;30.50;13.50;True;False;False;False;1;22.748246734842724;0;22.748246734842724;22.748246734842724
483;44.50;5.50;True;False;False;False;822;31.50;13.50;True;False;False;False;2;21.99248960287332;0.23844784745895328;21.647201427967957;22.337777777778683
483;44.50;5.50;True;False;False;False;825;34.50;13.50;True;False;False;False;1;19.083059152016347;0;19.083059152016347;19.083059152016347
483;44.50;5.50;True;False;False;False;864;29.50;14.50;True;False;False;False;1;24.470363974539396;0;24.470363974539396;24.470363974539396
483;44.50;5.50;True;False;False;False;866;31.50;14.50;True;False;False;False;1;22.841295499203625;0;22.841295499203625;22.841295499203625
484;45.50;5.50;True;False;False;False;12;61.50;3.50;False;False;True;False;13;106.00361028409557;1037.8527948835472;68.54944763917229;180.97750439989977
484;45.50;5.50;True;False;False;False;28;61.50;9.50;False;False;True;False;1;70.29157287524504;0;70.29157287524504;70.29157287524504
484;45.50;5.50;True;False;False;False;76;0.50;6.50;False;True;False;False;1;580.934560618095;0;580.934560618095;580.934560618095
484;45.50;5.50;True;False;False;False;108;0.50;18.50;False;True;False;False;1;529.7738038973166;0;529.7738038973166;529.7738038973166
484;45.50;5.50;True;False;False;False;124;0.50;24.50;False;True;False;False;1;574.5271811724815;0;574.5271811724815;574.5271811724815
484;45.50;5.50;True;False;False;False;351;44.50;2.50;True;False;False;False;1;8.978832952427183;0;8.978832952427183;8.978832952427183
484;45.50;5.50;True;False;False;False;352;45.50;2.50;True;False;False;False;1;4.868989873226383;0;4.868989873226383;4.868989873226383
484;45.50;5.50;True;False;False;False;491;52.50;5.50;True;False;False;False;1;7.771851054756553;0;7.771851054756553;7.771851054756553
484;45.50;5.50;True;False;False;False;559;32.50;7.50;True;False;False;False;1;17.211576069983494;0;17.211576069983494;17.211576069983494
484;45.50;5.50;True;False;False;False;572;45.50;7.50;True;False;False;False;1;7.247871569190465;0;7.247871569190465;7.247871569190465
484;45.50;5.50;True;False;False;False;608;37.50;8.50;True;False;False;False;1;16.25166986140539;0;16.25166986140539;16.25166986140539
484;45.50;5.50;True;False;False;False;620;49.50;8.50;True;False;False;False;1;11.173701306063776;0;11.173701306063776;11.173701306063776
484;45.50;5.50;True;False;False;False;733;30.50;11.50;True;False;False;False;1;21.43497498099896;0;21.43497498099896;21.43497498099896
484;45.50;5.50;True;False;False;False;820;29.50;13.50;True;False;False;False;2;23.554626431717907;0.0011233523845155127;23.530926723022276;23.578326140413537
484;45.50;5.50;True;False;False;False;821;30.50;13.50;True;False;False;False;4;28.09092173007525;43.60374474040039;22.602052219973302;36.4688785012404
484;45.50;5.50;True;False;False;False;822;31.50;13.50;True;False;False;False;1;21.951482278573167;0;21.951482278573167;21.951482278573167
484;45.50;5.50;True;False;False;False;864;29.50;14.50;True;False;False;False;1;24.406948844343788;0;24.406948844343788;24.406948844343788
484;45.50;5.50;True;False;False;False;1066;11.50;19.50;True;False;False;False;1;40.594354651219874;0;40.594354651219874;40.594354651219874
485;46.50;5.50;True;False;False;False;12;61.50;3.50;False;False;True;False;6;85.99523394290843;184.8475562431089;67.6965728752566;102.18749638451663
485;46.50;5.50;True;False;False;False;28;61.50;9.50;False;False;True;False;1;103.04277458304387;0;103.04277458304387;103.04277458304387
485;46.50;5.50;True;False;False;False;60;61.50;21.50;False;False;True;False;1;139.0456637327843;0;139.0456637327843;139.0456637327843
485;46.50;5.50;True;False;False;False;76;0.50;6.50;False;True;False;False;1;567.3676016503923;0;567.3676016503923;567.3676016503923
485;46.50;5.50;True;False;False;False;444;49.50;4.50;True;False;False;False;1;8.59101731969804;0;8.59101731969804;8.59101731969804
485;46.50;5.50;True;False;False;False;455;16.50;5.50;True;False;False;False;1;24.42240980504357;0;24.42240980504357;24.42240980504357
485;46.50;5.50;True;False;False;False;476;37.50;5.50;True;False;False;False;1;9.65018758282713;0;9.65018758282713;9.65018758282713
485;46.50;5.50;True;False;False;False;724;21.50;11.50;True;False;False;False;1;28.16093072120657;0;28.16093072120657;28.16093072120657
485;46.50;5.50;True;False;False;False;821;30.50;13.50;True;False;False;False;1;24.06323954191612;0;24.06323954191612;24.06323954191612
485;46.50;5.50;True;False;False;False;822;31.50;13.50;True;False;False;False;2;23.204911804137282;0.03139324695243576;23.079625637797108;23.330197970477457
485;46.50;5.50;True;False;False;False;823;32.50;13.50;True;False;False;False;1;22.544444444444707;0;22.544444444444707;22.544444444444707
485;46.50;5.50;True;False;False;False;886;51.50;14.50;True;False;False;False;1;16.38083773325343;0;16.38083773325343;16.38083773325343
486;47.50;5.50;True;False;False;False;12;61.50;3.50;False;False;True;False;5;86.59602664684681;316.13603016184976;70.09776658666851;112.61721902748741
486;47.50;5.50;True;False;False;False;28;61.50;9.50;False;False;True;False;2;83.9834343176608;397.10337076399156;69.89259738786859;98.074271247453
486;47.50;5.50;True;False;False;False;92;0.50;12.50;False;True;False;False;1;266.90486357103873;0;266.90486357103873;266.90486357103873
486;47.50;5.50;True;False;False;False;578;51.50;7.50;True;False;False;False;1;11.249271247444995;0;11.249271247444995;11.249271247444995
486;47.50;5.50;True;False;False;False;722;19.50;11.50;True;False;False;False;1;30.85759019495117;0;30.85759019495117;30.85759019495117
486;47.50;5.50;True;False;False;False;733;30.50;11.50;True;False;False;False;1;23.00231281889137;0;23.00231281889137;23.00231281889137
486;47.50;5.50;True;False;False;False;820;29.50;13.50;True;False;False;False;1;24.33823954192121;0;24.33823954192121;24.33823954192121
486;47.50;5.50;True;False;False;False;822;31.50;13.50;True;False;False;False;2;28.556088455811732;62.593011492412955;22.96176045807988;34.150416453543585
486;47.50;5.50;True;False;False;False;865;30.50;14.50;True;False;False;False;1;25.594907012038675;0;25.594907012038675;25.594907012038675
486;47.50;5.50;True;False;False;False;885;50.50;14.50;True;False;False;False;1;16.37777777777592;0;16.37777777777592;16.37777777777592
488;49.50;5.50;True;False;False;False;12;61.50;3.50;False;False;True;False;8;84.10785155000752;1190.9899578805716;28.902503596453244;152.38528856714765
488;49.50;5.50;True;False;False;False;28;61.50;9.50;False;False;True;False;6;99.9871733980981;710.6474678243476;61.211836346767086;136.90292905529714
488;49.50;5.50;True;False;False;False;92;0.50;12.50;False;True;False;False;1;262.4763964834947;0;262.4763964834947;262.4763964834947
488;49.50;5.50;True;False;False;False;305;42.50;1.50;True;False;False;False;1;15.5576839863661;0;15.5576839863661;15.5576839863661
488;49.50;5.50;True;False;False;False;359;52.50;2.50;True;False;False;False;1;10.900979209336583;0;10.900979209336583;10.900979209336583
488;49.50;5.50;True;False;False;False;491;52.50;5.50;True;False;False;False;1;5.0171356237297005;0;5.0171356237297005;5.0171356237297005
488;49.50;5.50;True;False;False;False;576;49.50;7.50;True;False;False;False;1;5.10944444443885;0;5.10944444443885;5.10944444443885
488;49.50;5.50;True;False;False;False;580;9.50;8.50;True;False;False;False;1;36.093520916156194;0;36.093520916156194;36.093520916156194
488;49.50;5.50;True;False;False;False;709;50.50;10.50;True;False;False;False;1;9.754448442630746;0;9.754448442630746;9.754448442630746
488;49.50;5.50;True;False;False;False;821;30.50;13.50;True;False;False;False;2;34.62169038624984;131.01232673414907;26.52810259299804;42.71527817950164
488;49.50;5.50;True;False;False;False;822;31.50;13.50;True;False;False;False;5;25.15827545920547;0.16898155425945793;24.814909403321508;25.863975487372954
488;49.50;5.50;True;False;False;False;823;32.50;13.50;True;False;False;False;1;24.90667385958659;0;24.90667385958659;24.90667385958659
488;49.50;5.50;True;False;False;False;975;52.50;16.50;True;False;False;False;1;16.486597648727184;0;16.486597648727184;16.486597648727184
489;50.50;5.50;True;False;False;False;12;61.50;3.50;False;False;True;False;4;107.12824493661054;1540.7806528221454;81.18508659849522;164.21371169372082
489;50.50;5.50;True;False;False;False;28;61.50;9.50;False;False;True;False;6;68.26567292632227;362.4963747622719;42.73620490252506;91.10924725834468
489;50.50;5.50;True;False;False;False;44;61.50;15.50;False;False;True;False;4;88.28411785239814;1260.6641688281438;44.65519158099414;130.98232640126662
489;50.50;5.50;True;False;False;False;108;0.50;18.50;False;True;False;False;1;586.971281890601;0;586.971281890601;586.971281890601
489;50.50;5.50;True;False;False;False;124;0.50;24.50;False;True;False;False;3;557.8611750596414;132.1777810585101;545.540104198154;568.3020364917738
489;50.50;5.50;True;False;False;False;282;19.50;1.50;True;False;False;False;1;30.677516914478474;0;30.677516914478474;30.677516914478474
489;50.50;5.50;True;False;False;False;349;42.50;2.50;True;False;False;False;1;14.07870130606534;0;14.07870130606534;14.07870130606534
489;50.50;5.50;True;False;False;False;441;46.50;4.50;True;False;False;False;1;9.133888888889032;0;9.133888888889032;9.133888888889032
489;50.50;5.50;True;False;False;False;447;52.50;4.50;True;False;False;False;3;7.691359888819534;0.31880980758663735;7.127128430809535;8.256392485350261
489;50.50;5.50;True;False;False;False;578;51.50;7.50;True;False;False;False;1;7.520923528281855;0;7.520923528281855;7.520923528281855
489;50.50;5.50;True;False;False;False;689;30.50;10.50;True;False;False;False;1;23.92222302567336;0;23.92222302567336;23.92222302567336
489;50.50;5.50;True;False;False;False;704;45.50;10.50;True;False;False;False;1;15.040465762333042;0;15.040465762333042;15.040465762333042
489;50.50;5.50;True;False;False;False;733;30.50;11.50;True;False;False;False;2;24.99921356237064;0.024261764933635986;24.889073276975978;25.109353847765306
489;50.50;5.50;True;False;False;False;821;30.50;13.50;True;False;False;False;2;29.22345951189982;18.64763322712671;26.169966984716666;32.27695203908297
489;50.50;5.50;True;False;False;False;822;31.50;13.50;True;False;False;False;3;25.94524531515223;0.6154786746529751;25.26879509747232;26.805284568974457
489;50.50;5.50;True;False;False;False;823;32.50;13.50;True;False;False;False;1;25.309910206773566;0;25.309910206773566;25.309910206773566
489;50.50;5.50;True;False;False;False;1014;47.50;17.50;True;False;False;False;1;17.683347719179437;0;17.683347719179437;17.683347719179437
490;51.50;5.50;True;False;False;False;12;61.50;3.50;False;False;True;False;9;103.54509450769041;610.1219364946445;70.84981241717333;137.8148918227671
490;51.50;5.50;True;False;False;False;28;61.50;9.50;False;False;True;False;3;105.48479251780645;788.3188207385158;86.14055955374079;137.68842712473452
490;51.50;5.50;True;False;False;False;76;0.50;6.50;False;True;False;False;1;563.7111223021657;0;563.7111223021657;563.7111223021657
490;51.50;5.50;True;False;False;False;92;0.50;12.50;False;True;False;False;1;235.7155699413688;0;235.7155699413688;235.7155699413688
490;51.50;5.50;True;False;False;False;124;0.50;24.50;False;True;False;False;1;557.1883573224022;0;557.1883573224022;557.1883573224022
490;51.50;5.50;True;False;False;False;312;49.50;1.50;True;False;False;False;1;10.846847860027992;0;10.846847860027992;10.846847860027992
490;51.50;5.50;True;False;False;False;489;50.50;5.50;True;False;False;False;1;3.6604521608682035;0;3.6604521608682035;3.6604521608682035
490;51.50;5.50;True;False;False;False;620;49.50;8.50;True;False;False;False;1;11.010549166087003;0;11.010549166087003;11.010549166087003
490;51.50;5.50;True;False;False;False;733;30.50;11.50;True;False;False;False;2;25.415514255396374;0.2227831944501476;25.081760458077042;25.749268052715706
490;51.50;5.50;True;False;False;False;820;29.50;13.50;True;False;False;False;2;27.929399547829462;0.2152961478934301;27.601301888668786;28.257497206990138
490;51.50;5.50;True;False;False;False;821;30.50;13.50;True;False;False;False;3;26.950584689529933;0.22864252027804982;26.55147189091258;27.480556359010734
490;51.50;5.50;True;False;False;False;822;31.50;13.50;True;False;False;False;3;27.900556888282154;4.893782443198621;26.427965360606322;30.444444444439796
490;51.50;5.50;True;False;False;False;823;32.50;13.50;True;False;False;False;1;29.25268318292001;0;29.25268318292001;29.25268318292001
490;51.50;5.50;True;False;False;False;881;46.50;14.50;True;False;False;False;1;17.088888888888505;0;17.088888888888505;17.088888888888505
491;52.50;5.50;True;False;False;False;12;61.50;3.50;False;False;True;False;9;82.72417804620557;1243.8302081143722;18.946851054756987;151.01103275441892
491;52.50;5.50;True;False;False;False;28;61.50;9.50;False;False;True;False;2;80.9814918723041;177.3578809792604;71.56454223403853;90.39844151056968
491;52.50;5.50;True;False;False;False;44;61.50;15.50;False;False;True;False;2;76.81067025455559;249.81016321050072;65.63457605285657;87.9867644562546
491;52.50;5.50;True;False;False;False;92;0.50;12.50;False;True;False;False;1;253.4960274428122;0;253.4960274428122;253.4960274428122
491;52.50;5.50;True;False;False;False;124;0.50;24.50;False;True;False;False;2;545.4372302185402;22.915234215578664;542.0523200117859;548.8221404252945
491;52.50;5.50;True;False;False;False;305;42.50;1.50;True;False;False;False;1;16.151380226263427;0;16.151380226263427;16.151380226263427
491;52.50;5.50;True;False;False;False;410;15.50;4.50;True;False;False;False;1;31.701480690728204;0;31.701480690728204;31.701480690728204
491;52.50;5.50;True;False;False;False;576;49.50;7.50;True;False;False;False;1;9.988877697765929;0;9.988877697765929;9.988877697765929
491;52.50;5.50;True;False;False;False;617;46.50;8.50;True;False;False;False;1;13.004912598058127;0;13.004912598058127;13.004912598058127
491;52.50;5.50;True;False;False;False;623;52.50;8.50;True;False;False;False;1;5.746569680518405;0;5.746569680518405;5.746569680518405
491;52.50;5.50;True;False;False;False;701;42.50;10.50;True;False;False;False;1;17.06499999999687;0;17.06499999999687;17.06499999999687
491;52.50;5.50;True;False;False;False;711;52.50;10.50;True;False;False;False;1;7.377811596601532;0;7.377811596601532;7.377811596601532
491;52.50;5.50;True;False;False;False;752;49.50;11.50;True;False;False;False;1;12.554441249700176;0;12.554441249700176;12.554441249700176
491;52.50;5.50;True;False;False;False;820;29.50;13.50;True;False;False;False;1;27.35342393000974;0;27.35342393000974;27.35342393000974
491;52.50;5.50;True;False;False;False;821;30.50;13.50;True;False;False;False;2;26.858724604945564;0.04857585345754386;26.70287876211114;27.014570447779988
491;52.50;5.50;True;False;False;False;822;31.50;13.50;True;False;False;False;3;29.497814104657664;29.047720863028502;26.285939520970715;35.720093791409454
491;52.50;5.50;True;False;False;False;825;34.50;13.50;True;False;False;False;1;34.87907008224377;0;34.87907008224377;34.87907008224377
491;52.50;5.50;True;False;False;False;864;29.50;14.50;True;False;False;False;1;37.30917106657944;0;37.30917106657944;37.30917106657944
536;9.50;7.50;True;False;False;False;44;61.50;15.50;False;False;True;False;1;88.37769598090017;0;88.37769598090017;88.37769598090017
536;9.50;7.50;True;False;False;False;304;41.50;1.50;True;False;False;False;1;32.46000160690113;0;32.46000160690113;32.46000160690113
536;9.50;7.50;True;False;False;False;832;41.50;13.50;True;False;False;False;1;37.76889208362627;0;37.76889208362627;37.76889208362627
538;11.50;7.50;True;False;False;False;12;61.50;3.50;False;False;True;False;1;80.15019877391933;0;80.15019877391933;80.15019877391933
538;11.50;7.50;True;False;False;False;349;42.50;2.50;True;False;False;False;1;30.739531846386626;0;30.739531846386626;30.739531846386626
538;11.50;7.50;True;False;False;False;838;47.50;13.50;True;False;False;False;1;36.16851772141672;0;36.16851772141672;36.16851772141672
541;14.50;7.50;True;False;False;False;28;61.50;9.50;False;False;True;False;1;88.356111914557;0;88.356111914557;88.356111914557
541;14.50;7.50;True;False;False;False;737;34.50;11.50;True;False;False;False;1;22.769542234041637;0;22.769542234041637;22.769542234041637
542;15.50;7.50;True;False;False;False;12;61.50;3.50;False;False;True;False;1;131.7034569453972;0;131.7034569453972;131.7034569453972
542;15.50;7.50;True;False;False;False;1151;52.50;20.50;True;False;False;False;1;60.898173179852165;0;60.898173179852165;60.898173179852165
543;16.50;7.50;True;False;False;False;60;61.50;21.50;False;False;True;False;1;70.09481961009624;0;70.09481961009624;70.09481961009624
543;16.50;7.50;True;False;False;False;278;15.50;1.50;True;False;False;False;1;11.41944444444448;0;11.41944444444448;11.41944444444448
544;17.50;7.50;True;False;False;False;12;61.50;3.50;False;False;True;False;2;91.0629232569845;693.5570338858901;72.44093311245524;109.68491340151377
544;17.50;7.50;True;False;False;False;60;61.50;21.50;False;False;True;False;1;116.60900373904133;0;116.60900373904133;116.60900373904133
544;17.50;7.50;True;False;False;False;473;34.50;5.50;True;False;False;False;1;19.63601731969902;0;19.63601731969902;19.63601731969902
544;17.50;7.50;True;False;False;False;478;39.50;5.50;True;False;False;False;1;24.197126039525756;0;24.197126039525756;24.197126039525756
544;17.50;7.50;True;False;False;False;481;42.50;5.50;True;False;False;False;1;25.339073276980344;0;25.339073276980344;25.339073276980344
544;17.50;7.50;True;False;False;False;706;47.50;10.50;True;False;False;False;1;28.681760458078315;0;28.681760458078315;28.681760458078315
546;19.50;7.50;True;False;False;False;12;61.50;3.50;False;False;True;False;1;77.20620570597202;0;77.20620570597202;77.20620570597202
546;19.50;7.50;True;False;False;False;28;61.50;9.50;False;False;True;False;1;105.92185824766057;0;105.92185824766057;105.92185824766057
546;19.50;7.50;True;False;False;False;44;61.50;15.50;False;False;True;False;1;74.8855595537425;0;74.8855595537425;74.8855595537425
546;19.50;7.50;True;False;False;False;453;14.50;5.50;True;False;False;False;1;12.230115618753189;0;12.230115618753189;12.230115618753189
546;19.50;7.50;True;False;False;False;571;44.50;7.50;True;False;False;False;1;20.917316013634263;0;20.917316013634263;20.917316013634263
546;19.50;7.50;True;False;False;False;879;44.50;14.50;True;False;False;False;1;36.67194484614811;0;36.67194484614811;36.67194484614811
547;20.50;7.50;True;False;False;False;12;61.50;3.50;False;False;True;False;2;86.31816093977613;245.9807153262584;75.22805915200479;97.40826272754748
547;20.50;7.50;True;False;False;False;706;47.50;10.50;True;False;False;False;1;27.00444444443201;0;27.00444444443201;27.00444444443201
547;20.50;7.50;True;False;False;False;1019;52.50;17.50;True;False;False;False;1;37.9137084989834;0;37.9137084989834;37.9137084989834
548;21.50;7.50;True;False;False;False;12;61.50;3.50;False;False;True;False;1;176.24842073526452;0;176.24842073526452;176.24842073526452
548;21.50;7.50;True;False;False;False;28;61.50;9.50;False;False;True;False;2;91.76213562372777;1946.3145669025012;60.56666666666206;122.95760458079349
548;21.50;7.50;True;False;False;False;44;61.50;15.50;False;False;True;False;1;138.32546654669204;0;138.32546654669204;138.32546654669204
548;21.50;7.50;True;False;False;False;60;61.50;21.50;False;False;True;False;2;100.7439959947751;1318.9905447695628;75.06335596410645;126.42463602544376
548;21.50;7.50;True;False;False;False;439;44.50;4.50;True;False;False;False;1;25.68898268029443;0;25.68898268029443;25.68898268029443
548;21.50;7.50;True;False;False;False;479;40.50;5.50;True;False;False;False;1;21.78714147426217;0;21.78714147426217;21.78714147426217
548;21.50;7.50;True;False;False;False;623;52.50;8.50;True;False;False;False;1;27.3479765516895;0;27.3479765516895;27.3479765516895
548;21.50;7.50;True;False;False;False;962;39.50;16.50;True;False;False;False;1;30.296392485346587;0;30.296392485346587;30.296392485346587
548;21.50;7.50;True;False;False;False;970;47.50;16.50;True;False;False;False;1;30.36352730560975;0;30.36352730560975;30.36352730560975
548;21.50;7.50;True;False;False;False;1096;41.50;19.50;True;False;False;False;1;28.590200361755706;0;28.590200361755706;28.590200361755706
549;22.50;7.50;True;False;False;False;44;61.50;15.50;False;False;True;False;2;139.97083267167545;3122.8577310886376;100.45591314063859;179.48575220271232
549;22.50;7.50;True;False;False;False;490;51.50;5.50;True;False;False;False;1;28.417965360598828;0;28.417965360598828;28.417965360598828
549;22.50;7.50;True;False;False;False;610;39.50;8.50;True;False;False;False;1;18.28083373505069;0;18.28083373505069;18.28083373505069
551;24.50;7.50;True;False;False;False;12;61.50;3.50;False;False;True;False;1;113.18544338016363;0;113.18544338016363;113.18544338016363
551;24.50;7.50;True;False;False;False;28;61.50;9.50;False;False;True;False;1;180.00759738786292;0;180.00759738786292;180.00759738786292
551;24.50;7.50;True;False;False;False;124;0.50;24.50;False;True;False;False;1;570.1365328935317;0;570.1365328935317;570.1365328935317
551;24.50;7.50;True;False;False;False;341;34.50;2.50;True;False;False;False;1;17.056760458081044;0;17.056760458081044;17.056760458081044
551;24.50;7.50;True;False;False;False;573;46.50;7.50;True;False;False;False;1;18.27536558144493;0;18.27536558144493;18.27536558144493
551;24.50;7.50;True;False;False;False;732;29.50;11.50;True;False;False;False;1;14.889444444441324;0;14.889444444441324;14.889444444441324
551;24.50;7.50;True;False;False;False;733;30.50;11.50;True;False;False;False;1;14.284632027269254;0;14.284632027269254;14.284632027269254
552;25.50;7.50;True;False;False;False;12;61.50;3.50;False;False;True;False;3;103.51458024324786;925.1117425041738;68.41444444444232;122.11207006491077
552;25.50;7.50;True;False;False;False;485;46.50;5.50;True;False;False;False;1;22.391576873448685;0;22.391576873448685;22.391576873448685
552;25.50;7.50;True;False;False;False;975;52.50;16.50;True;False;False;False;1;31.47610791637453;0;31.47610791637453;31.47610791637453
553;26.50;7.50;True;False;False;False;12;61.50;3.50;False;False;True;False;1;218.97593471937944;0;218.97593471937944;218.97593471937944
554;27.50;7.50;True;False;False;False;12;61.50;3.50;False;False;True;False;2;130.47205408686295;58.09844947809424;125.08232081525784;135.86178735846806
554;27.50;7.50;True;False;False;False;76;0.50;6.50;False;True;False;False;1;549.7349525607897;0;549.7349525607897;549.7349525607897
554;27.50;7.50;True;False;False;False;92;0.50;12.50;False;True;False;False;2;291.031770855232;805.794970029966;270.9594644353165;311.1040772751476
554;27.50;7.50;True;False;False;False;108;0.50;18.50;False;True;False;False;1;610.6312883062037;0;610.6312883062037;610.6312883062037
554;27.50;7.50;True;False;False;False;603;32.50;8.50;True;False;False;False;1;11.11896110152884;0;11.11896110152884;11.11896110152884
554;27.50;7.50;True;False;False;False;701;42.50;10.50;True;False;False;False;1;19.713888888887595;0;19.713888888887595;19.713888888887595
554;27.50;7.50;True;False;False;False;743;40.50;11.50;True;False;False;False;1;18.531854249493335;0;18.531854249493335;18.531854249493335
554;27.50;7.50;True;False;False;False;820;29.50;13.50;True;False;False;False;1;13.463329335138042;0;13.463329335138042;13.463329335138042
554;27.50;7.50;True;False;False;False;821;30.50;13.50;True;False;False;False;2;14.091114707568522;9.908537600724993E-06;14.088888888887595;14.093340526249449
556;29.50;7.50;True;False;False;False;108;0.50;18.50;False;True;False;False;1;601.9265528845044;0;601.9265528845044;601.9265528845044
556;29.50;7.50;True;False;False;False;424;29.50;4.50;True;False;False;False;1;5.855972555345943;0;5.855972555345943;5.855972555345943
556;29.50;7.50;True;False;False;False;822;31.50;13.50;True;False;False;False;1;12.04527418132966;0;12.04527418132966;12.04527418132966
557;30.50;7.50;True;False;False;False;12;61.50;3.50;False;False;True;False;1;132.05675326516393;0;132.05675326516393;132.05675326516393
558;31.50;7.50;True;False;False;False;12;61.50;3.50;False;False;True;False;1;82.92835810683573;0;82.92835810683573;82.92835810683573
559;32.50;7.50;True;False;False;False;12;61.50;3.50;False;False;True;False;8;118.0990948935452;583.4179335456391;91.28241380322288;162.14206421450035
559;32.50;7.50;True;False;False;False;28;61.50;9.50;False;False;True;False;2;141.46545949548045;86.9392858587021;134.87230828158044;148.05861070938045
559;32.50;7.50;True;False;False;False;44;61.50;15.50;False;False;True;False;1;104.3407244898226;0;104.3407244898226;104.3407244898226
559;32.50;7.50;True;False;False;False;92;0.50;12.50;False;True;False;False;2;276.8872984330965;712.0284877893403;258.018958710305;295.75563815588794
559;32.50;7.50;True;False;False;False;331;24.50;2.50;True;False;False;False;1;16.535636832400996;0;16.535636832400996;16.535636832400996
559;32.50;7.50;True;False;False;False;488;49.50;5.50;True;False;False;False;1;19.827406610314938;0;19.827406610314938;19.827406610314938
559;32.50;7.50;True;False;False;False;733;30.50;11.50;True;False;False;False;2;10.492824673487121;0.021336176398190368;10.389538235853252;10.59611111112099
559;32.50;7.50;True;False;False;False;734;31.50;11.50;True;False;False;False;1;9.394899279994206;0;9.394899279994206;9.394899279994206
559;32.50;7.50;True;False;False;False;820;29.50;13.50;True;False;False;False;2;14.940138688030856;2.7802120542924116;13.761111111107311;16.1191662649544
559;32.50;7.50;True;False;False;False;821;30.50;13.50;True;False;False;False;2;12.122830269016049;0.017328243676389035;12.029749004315818;12.21591153371628
559;32.50;7.50;True;False;False;False;822;31.50;13.50;True;False;False;False;1;10.904556619863797;0;10.904556619863797;10.904556619863797
559;32.50;7.50;True;False;False;False;864;29.50;14.50;True;False;False;False;2;14.979861311976492;6.037497680632971;13.24240661031763;16.717316013635354
559;32.50;7.50;True;False;False;False;865;30.50;14.50;True;False;False;False;1;22.890984549798304;0;22.890984549798304;22.890984549798304
561;34.50;7.50;True;False;False;False;12;61.50;3.50;False;False;True;False;9;110.54760014783557;721.9996437314035;78.63348738098648;159.88620890069615
561;34.50;7.50;True;False;False;False;28;61.50;9.50;False;False;True;False;1;112.4319616232824;0;112.4319616232824;112.4319616232824
561;34.50;7.50;True;False;False;False;76;0.50;6.50;False;True;False;False;1;684.7688158918588;0;684.7688158918588;684.7688158918588
561;34.50;7.50;True;False;False;False;92;0.50;12.50;False;True;False;False;1;268.01783558570787;0;268.01783558570787;268.01783558570787
561;34.50;7.50;True;False;False;False;685;26.50;10.50;True;False;False;False;1;14.763616068774354;0;14.763616068774354;14.763616068774354
561;34.50;7.50;True;False;False;False;706;47.50;10.50;True;False;False;False;1;17.155548362634818;0;17.155548362634818;17.155548362634818
561;34.50;7.50;True;False;False;False;820;29.50;13.50;True;False;False;False;3;20.43587965252679;16.647897336696587;16.25110152689922;24.40273433683069
561;34.50;7.50;True;False;False;False;821;30.50;13.50;True;False;False;False;4;18.5598594333037;14.742163788705772;13.953599999978906;23.249819610093255
561;34.50;7.50;True;False;False;False;822;31.50;13.50;True;False;False;False;1;13.112897146105752;0;13.112897146105752;13.112897146105752
561;34.50;7.50;True;False;False;False;962;39.50;16.50;True;False;False;False;1;16.49101731969131;0;16.49101731969131;16.49101731969131
561;34.50;7.50;True;False;False;False;1256;25.50;23.50;True;False;False;False;1;23.840281374221377;0;23.840281374221377;23.840281374221377
562;35.50;7.50;True;False;False;False;12;61.50;3.50;False;False;True;False;9;97.62085653099338;261.7245462428214;77.89787156918464;127.75479164191711
562;35.50;7.50;True;False;False;False;28;61.50;9.50;False;False;True;False;2;116.32401441558795;1273.4967404472463;91.09014094710074;141.55788788407517
562;35.50;7.50;True;False;False;False;476;37.50;5.50;True;False;False;False;1;9.944624834351089;0;9.944624834351089;9.944624834351089
562;35.50;7.50;True;False;False;False;486;47.50;5.50;True;False;False;False;1;15.787975767326316;0;15.787975767326316;15.787975767326316
562;35.50;7.50;True;False;False;False;577;50.50;7.50;True;False;False;False;1;14.600552360821894;0;14.600552360821894;14.600552360821894
562;35.50;7.50;True;False;False;False;708;49.50;10.50;True;False;False;False;1;18.28398268030287;0;18.28398268030287;18.28398268030287
562;35.50;7.50;True;False;False;False;733;30.50;11.50;True;False;False;False;1;12.549070866614784;0;12.549070866614784;12.549070866614784
562;35.50;7.50;True;False;False;False;820;29.50;13.50;True;False;False;False;1;17.86143246704887;0;17.86143246704887;17.86143246704887
562;35.50;7.50;True;False;False;False;821;30.50;13.50;True;False;False;False;2;21.247829867298606;5.653832538885322;19.56648627676077;22.92917345783644
562;35.50;7.50;True;False;False;False;822;31.50;13.50;True;False;False;False;1;14.273621097039722;0;14.273621097039722;14.273621097039722
562;35.50;7.50;True;False;False;False;867;32.50;14.50;True;False;False;False;1;19.703892083616665;0;19.703892083616665;19.703892083616665
562;35.50;7.50;True;False;False;False;1019;52.50;17.50;True;False;False;False;1;27.294263251082157;0;27.294263251082157;27.294263251082157
563;36.50;7.50;True;False;False;False;12;61.50;3.50;False;False;True;False;8;122.58150473403043;1129.4769232704293;65.81432589859833;180.11258541239658
563;36.50;7.50;True;False;False;False;28;61.50;9.50;False;False;True;False;1;113.66629230443868;0;113.66629230443868;113.66629230443868
563;36.50;7.50;True;False;False;False;44;61.50;15.50;False;False;True;False;1;120.4324138032207;0;120.4324138032207;120.4324138032207
563;36.50;7.50;True;False;False;False;60;61.50;21.50;False;False;True;False;2;104.63262510561754;46.43929187881342;99.81394832257774;109.45130188865733
563;36.50;7.50;True;False;False;False;76;0.50;6.50;False;True;False;False;1;569.06149668344;0;569.06149668344;569.06149668344
563;36.50;7.50;True;False;False;False;108;0.50;18.50;False;True;False;False;1;568.0921396219019;0;568.0921396219019;568.0921396219019
563;36.50;7.50;True;False;False;False;124;0.50;24.50;False;True;False;False;2;526.0066990530968;8704.394932298052;460.0355124171947;591.9778856889989
563;36.50;7.50;True;False;False;False;307;44.50;1.50;True;False;False;False;1;15.7763884871747;0;15.7763884871747;15.7763884871747
563;36.50;7.50;True;False;False;False;341;34.50;2.50;True;False;False;False;1;12.237312015458883;0;12.237312015458883;12.237312015458883
563;36.50;7.50;True;False;False;False;409;14.50;4.50;True;False;False;False;1;24.123990657607465;0;24.123990657607465;24.123990657607465
563;36.50;7.50;True;False;False;False;480;41.50;5.50;True;False;False;False;1;18.257868374446844;0;18.257868374446844;18.257868374446844
563;36.50;7.50;True;False;False;False;595;24.50;8.50;True;False;False;False;1;14.447528350901848;0;14.447528350901848;14.447528350901848
563;36.50;7.50;True;False;False;False;698;39.50;10.50;True;False;False;False;1;10.993790295829967;0;10.993790295829967;10.993790295829967
563;36.50;7.50;True;False;False;False;733;30.50;11.50;True;False;False;False;1;13.509343460114906;0;13.509343460114906;13.509343460114906
563;36.50;7.50;True;False;False;False;734;31.50;11.50;True;False;False;False;1;13.144906208581233;0;13.144906208581233;13.144906208581233
563;36.50;7.50;True;False;False;False;820;29.50;13.50;True;False;False;False;1;24.810949353797696;0;24.810949353797696;24.810949353797696
563;36.50;7.50;True;False;False;False;822;31.50;13.50;True;False;False;False;4;15.253601044759762;2.191351654322032;14.452604580796105;17.470641350595542
563;36.50;7.50;True;False;False;False;864;29.50;14.50;True;False;False;False;3;26.412883907033876;29.287255822560343;21.377316013629752;32.13528137423236
564;37.50;7.50;True;False;False;False;12;61.50;3.50;False;False;True;False;5;122.65138018467914;1478.528166149367;100.9072230256752;191.180465762307
564;37.50;7.50;True;False;False;False;28;61.50;9.50;False;False;True;False;3;94.19638609587167;185.12837434513267;78.70740341555938;104.22055635900625
564;37.50;7.50;True;False;False;False;44;61.50;15.50;False;False;True;False;1;61.002616961799504;0;61.002616961799504;61.002616961799504
564;37.50;7.50;True;False;False;False;437;42.50;4.50;True;False;False;False;1;11.828698111319682;0;11.828698111319682;11.828698111319682
564;37.50;7.50;True;False;False;False;481;42.50;5.50;True;False;False;False;1;11.676204902521931;0;11.676204902521931;11.676204902521931
564;37.50;7.50;True;False;False;False;548;21.50;7.50;True;False;False;False;1;13.81601731970295;0;13.81601731970295;13.81601731970295
564;37.50;7.50;True;False;False;False;569;42.50;7.50;True;False;False;False;1;7.961760458078061;0;7.961760458078061;7.961760458078061
564;37.50;7.50;True;False;False;False;617;46.50;8.50;True;False;False;False;1;13.080461764144275;0;13.080461764144275;13.080461764144275
564;37.50;7.50;True;False;False;False;820;29.50;13.50;True;False;False;False;1;16.74231601363499;0;16.74231601363499;16.74231601363499
564;37.50;7.50;True;False;False;False;965;42.50;16.50;True;False;False;False;1;17.769816415358946;0;17.769816415358946;17.769816415358946
564;37.50;7.50;True;False;False;False;1258;27.50;23.50;True;False;False;False;1;25.06779724869375;0;25.06779724869375;25.06779724869375
566;39.50;7.50;True;False;False;False;12;61.50;3.50;False;False;True;False;10;110.54295186052141;857.8792620582444;70.36036797272573;164.99621289887727
566;39.50;7.50;True;False;False;False;28;61.50;9.50;False;False;True;False;1;70.9354617641402;0;70.9354617641402;70.9354617641402
566;39.50;7.50;True;False;False;False;76;0.50;6.50;False;True;False;False;3;559.426458475498;3150.347661897806;494.77121928837823;595.6428691588517
566;39.50;7.50;True;False;False;False;108;0.50;18.50;False;True;False;False;3;588.4253330479514;158.04805216447903;576.0561806403366;601.1902666662445
566;39.50;7.50;True;False;False;False;465;26.50;5.50;True;False;False;False;1;17.417778581229868;0;17.417778581229868;17.417778581229868
566;39.50;7.50;True;False;False;False;486;47.50;5.50;True;False;False;False;1;14.587406610306061;0;14.587406610306061;14.587406610306061
566;39.50;7.50;True;False;False;False;490;51.50;5.50;True;False;False;False;1;15.88537916383757;0;15.88537916383757;15.88537916383757
566;39.50;7.50;True;False;False;False;573;46.50;7.50;True;False;False;False;1;8.586981307915266;0;8.586981307915266;8.586981307915266
566;39.50;7.50;True;False;False;False;711;52.50;10.50;True;False;False;False;1;18.046572875254242;0;18.046572875254242;18.046572875254242
566;39.50;7.50;True;False;False;False;733;30.50;11.50;True;False;False;False;1;16.15472581868312;0;16.15472581868312;16.15472581868312
566;39.50;7.50;True;False;False;False;742;39.50;11.50;True;False;False;False;1;6.8077937704838405;0;6.8077937704838405;6.8077937704838405
566;39.50;7.50;True;False;False;False;821;30.50;13.50;True;False;False;False;3;24.086222417157842;55.041597503501144;17.279440446249282;31.99432059663559
566;39.50;7.50;True;False;False;False;823;32.50;13.50;True;False;False;False;1;16.294444444444707;0;16.294444444444707;16.294444444444707
566;39.50;7.50;True;False;False;False;864;29.50;14.50;True;False;False;False;1;18.723415130232752;0;18.723415130232752;18.723415130232752
566;39.50;7.50;True;False;False;False;865;30.50;14.50;True;False;False;False;1;18.73166666666839;0;18.73166666666839;18.73166666666839
566;39.50;7.50;True;False;False;False;866;31.50;14.50;True;False;False;False;1;34.9479653606013;0;34.9479653606013;34.9479653606013
566;39.50;7.50;True;False;False;False;932;9.50;16.50;True;False;False;False;1;33.474353847766906;0;33.474353847766906;33.474353847766906
566;39.50;7.50;True;False;False;False;1203;16.50;22.50;True;False;False;False;1;36.02084412271142;0;36.02084412271142;36.02084412271142
566;39.50;7.50;True;False;False;False;1224;37.50;22.50;True;False;False;False;1;21.40629869393888;0;21.40629869393888;21.40629869393888
566;39.50;7.50;True;False;False;False;1252;21.50;23.50;True;False;False;False;1;35.32500719291966;0;35.32500719291966;35.32500719291966
567;40.50;7.50;True;False;False;False;12;61.50;3.50;False;False;True;False;7;104.12626713695332;571.613516652541;77.21871249716423;139.47676045806293
567;40.50;7.50;True;False;False;False;28;61.50;9.50;False;False;True;False;2;94.26681428220263;5.528261735705297;92.60424672933368;95.92938183507158
567;40.50;7.50;True;False;False;False;44;61.50;15.50;False;False;True;False;2;151.67047295522752;8687.06167689528;85.76500399818542;217.57594191226963
567;40.50;7.50;True;False;False;False;60;61.50;21.50;False;False;True;False;1;142.61362270392783;0;142.61362270392783;142.61362270392783
567;40.50;7.50;True;False;False;False;108;0.50;18.50;False;True;False;False;1;604.6340098641649;0;604.6340098641649;604.6340098641649
567;40.50;7.50;True;False;False;False;124;0.50;24.50;False;True;False;False;1;574.2460008647158;0;574.2460008647158;574.2460008647158
567;40.50;7.50;True;False;False;False;571;44.50;7.50;True;False;False;False;1;6.0429493678484505;0;6.0429493678484505;6.0429493678484505
567;40.50;7.50;True;False;False;False;733;30.50;11.50;True;False;False;False;1;21.45479644351144;0;21.45479644351144;21.45479644351144
567;40.50;7.50;True;False;False;False;734;31.50;11.50;True;False;False;False;2;15.600799627793094;0.02376757649776589;15.491786838410917;15.709812417175272
567;40.50;7.50;True;False;False;False;747;44.50;11.50;True;False;False;False;1;12.871892085455329;0;12.871892085455329;12.871892085455329
567;40.50;7.50;True;False;False;False;752;49.50;11.50;True;False;False;False;1;30.86065846893507;0;30.86065846893507;30.86065846893507
567;40.50;7.50;True;False;False;False;822;31.50;13.50;True;False;False;False;4;17.306231946835624;0.040083835492405365;17.13437064395839;17.535456962495118
567;40.50;7.50;True;False;False;False;862;27.50;14.50;True;False;False;False;1;21.02093072120988;0;21.02093072120988;21.02093072120988
567;40.50;7.50;True;False;False;False;874;39.50;14.50;True;False;False;False;1;12.044444444443798;0;12.044444444443798;12.044444444443798
567;40.50;7.50;True;False;False;False;882;47.50;14.50;True;False;False;False;1;24.490917138817167;0;24.490917138817167;24.490917138817167
567;40.50;7.50;True;False;False;False;991;24.50;17.50;True;False;False;False;1;25.47075033130659;0;25.47075033130659;25.47075033130659
568;41.50;7.50;True;False;False;False;12;61.50;3.50;False;False;True;False;6;88.43787347695418;1369.5652941909957;22.055555555562023;127.1677044972912
568;41.50;7.50;True;False;False;False;28;61.50;9.50;False;False;True;False;3;106.50895621177585;221.19766470801704;90.17694804090206;119.27352491434067
568;41.50;7.50;True;False;False;False;348;41.50;2.50;True;False;False;False;1;8.030727949093489;0;8.030727949093489;8.030727949093489
568;41.50;7.50;True;False;False;False;490;51.50;5.50;True;False;False;False;1;15.674712500671376;0;15.674712500671376;15.674712500671376
568;41.50;7.50;True;False;False;False;723;20.50;11.50;True;False;False;False;1;23.390187582823273;0;23.390187582823273;23.390187582823273
568;41.50;7.50;True;False;False;False;733;30.50;11.50;True;False;False;False;1;17.20796136242643;0;17.20796136242643;17.20796136242643
568;41.50;7.50;True;False;False;False;749;46.50;11.50;True;False;False;False;1;13.847222222222626;0;13.847222222222626;13.847222222222626
568;41.50;7.50;True;False;False;False;820;29.50;13.50;True;False;False;False;1;21.66120490252797;0;21.66120490252797;21.66120490252797
568;41.50;7.50;True;False;False;False;864;29.50;14.50;True;False;False;False;1;20.14388888888425;0;20.14388888888425;20.14388888888425
568;41.50;7.50;True;False;False;False;1388;25.50;26.50;True;False;False;False;1;30.265080209020198;0;30.265080209020198;30.265080209020198
569;42.50;7.50;True;False;False;False;12;61.50;3.50;False;False;True;False;4;106.79144909033084;2186.2324034488456;62.36911211410916;166.11390247127565
569;42.50;7.50;True;False;False;False;28;61.50;9.50;False;False;True;False;4;78.31188149466163;906.2678485524877;37.613902471268375;109.68991340150978
569;42.50;7.50;True;False;False;False;76;0.50;6.50;False;True;False;False;1;53.84676365281504;0;53.84676365281504;53.84676365281504
569;42.50;7.50;True;False;False;False;439;44.50;4.50;True;False;False;False;1;10.669444444443798;0;10.669444444443798;10.669444444443798
569;42.50;7.50;True;False;False;False;484;45.50;5.50;True;False;False;False;1;10.775988870213041;0;10.775988870213041;10.775988870213041
569;42.50;7.50;True;False;False;False;606;35.50;8.50;True;False;False;False;1;11.71898268030418;0;11.71898268030418;11.71898268030418
569;42.50;7.50;True;False;False;False;733;30.50;11.50;True;False;False;False;1;18.151572875251986;0;18.151572875251986;18.151572875251986
569;42.50;7.50;True;False;False;False;820;29.50;13.50;True;False;False;False;1;26.874909403330093;0;26.874909403330093;26.874909403330093
569;42.50;7.50;True;False;False;False;822;31.50;13.50;True;False;False;False;2;18.59004609225667;0.0011105823607505585;18.566481475128967;18.613610709384375
569;42.50;7.50;True;False;False;False;884;49.50;14.50;True;False;False;False;1;22.103065541477918;0;22.103065541477918;22.103065541477918
569;42.50;7.50;True;False;False;False;998;31.50;17.50;True;False;False;False;1;21.243425536912923;0;21.243425536912923;21.243425536912923
571;44.50;7.50;True;False;False;False;12;61.50;3.50;False;False;True;False;10;94.92328512465467;343.8626947435652;75.6044726770665;133.7886948975247
571;44.50;7.50;True;False;False;False;28;61.50;9.50;False;False;True;False;5;110.77963378341147;1031.6254665621527;73.41297655170638;148.95907566826423
571;44.50;7.50;True;False;False;False;60;61.50;21.50;False;False;True;False;1;87.6267484635755;0;87.6267484635755;87.6267484635755
571;44.50;7.50;True;False;False;False;76;0.50;6.50;False;True;False;False;1;602.8192440637795;0;602.8192440637795;602.8192440637795
571;44.50;7.50;True;False;False;False;108;0.50;18.50;False;True;False;False;1;541.6810556946457;0;541.6810556946457;541.6810556946457
571;44.50;7.50;True;False;False;False;124;0.50;24.50;False;True;False;False;2;563.425651355607;70.49029717237529;557.4888888888927;569.3624138223213
571;44.50;7.50;True;False;False;False;312;49.50;1.50;True;False;False;False;1;14.02426325108172;0;14.02426325108172;14.02426325108172
571;44.50;7.50;True;False;False;False;356;49.50;2.50;True;False;False;False;1;13.73407966645027;0;13.73407966645027;13.73407966645027
571;44.50;7.50;True;False;False;False;567;40.50;7.50;True;False;False;False;1;6.406941651437592;0;6.406941651437592;6.406941651437592
571;44.50;7.50;True;False;False;False;569;42.50;7.50;True;False;False;False;1;5.342949922740445;0;5.342949922740445;5.342949922740445
571;44.50;7.50;True;False;False;False;610;39.50;8.50;True;False;False;False;1;11.182397810522161;0;11.182397810522161;11.182397810522161
571;44.50;7.50;True;False;False;False;615;44.50;8.50;True;False;False;False;1;3.0972222222189885;0;3.0972222222189885;3.0972222222189885
571;44.50;7.50;True;False;False;False;733;30.50;11.50;True;False;False;False;1;20.198002431160944;0;20.198002431160944;20.198002431160944
571;44.50;7.50;True;False;False;False;821;30.50;13.50;True;False;False;False;4;30.400424795299273;5.630089023740493;28.6023016277868;33.72009885755324
571;44.50;7.50;True;False;False;False;822;31.50;13.50;True;False;False;False;3;20.163236608662373;1.1256647990880506;19.25573594546313;21.329725818679435
571;44.50;7.50;True;False;False;False;823;32.50;13.50;True;False;False;False;1;20.042037834136863;0;20.042037834136863;20.042037834136863
571;44.50;7.50;True;False;False;False;864;29.50;14.50;True;False;False;False;1;22.589471070164564;0;22.589471070164564;22.589471070164564
571;44.50;7.50;True;False;False;False;866;31.50;14.50;True;False;False;False;1;20.380281374234983;0;20.380281374234983;20.380281374234983
571;44.50;7.50;True;False;False;False;867;32.50;14.50;True;False;False;False;2;19.75018758282522;0.06347181684783962;19.57204183231761;19.92833333333283
571;44.50;7.50;True;False;False;False;1116;17.50;20.50;True;False;False;False;1;53.9686147075663;0;53.9686147075663;53.9686147075663
572;45.50;7.50;True;False;False;False;12;61.50;3.50;False;False;True;False;10;114.27801374970072;933.0398905323183;73.04154649491102;179.54146791180028
572;45.50;7.50;True;False;False;False;28;61.50;9.50;False;False;True;False;2;126.94004629120354;3607.4106129082384;84.4699944139793;169.4100981684278
572;45.50;7.50;True;False;False;False;76;0.50;6.50;False;True;False;False;1;544.2186725153058;0;544.2186725153058;544.2186725153058
572;45.50;7.50;True;False;False;False;124;0.50;24.50;False;True;False;False;1;538.360388748064;0;538.360388748064;538.360388748064
572;45.50;7.50;True;False;False;False;450;11.50;5.50;True;False;False;False;1;31.177138298564387;0;31.177138298564387;31.177138298564387
572;45.50;7.50;True;False;False;False;486;47.50;5.50;True;False;False;False;1;10.79082973687764;0;10.79082973687764;10.79082973687764
572;45.50;7.50;True;False;False;False;489;50.50;5.50;True;False;False;False;1;12.022871569184645;0;12.022871569184645;12.022871569184645
572;45.50;7.50;True;False;False;False;566;39.50;7.50;True;False;False;False;1;8.604072473532142;0;8.604072473532142;8.604072473532142
572;45.50;7.50;True;False;False;False;610;39.50;8.50;True;False;False;False;1;11.078874503051338;0;11.078874503051338;11.078874503051338
572;45.50;7.50;True;False;False;False;820;29.50;13.50;True;False;False;False;1;22.638148945241483;0;22.638148945241483;22.638148945241483
572;45.50;7.50;True;False;False;False;821;30.50;13.50;True;False;False;False;1;23.93555955374177;0;23.93555955374177;23.93555955374177
572;45.50;7.50;True;False;False;False;822;31.50;13.50;True;False;False;False;2;20.53281468755131;0.4568251008047308;20.054889431467927;21.01073994363469
572;45.50;7.50;True;False;False;False;823;32.50;13.50;True;False;False;False;1;20.193063150203216;0;20.193063150203216;20.193063150203216
572;45.50;7.50;True;False;False;False;865;30.50;14.50;True;False;False;False;1;21.489812417176836;0;21.489812417176836;21.489812417176836
572;45.50;7.50;True;False;False;False;867;32.50;14.50;True;False;False;False;1;20.347126020456244;0;20.347126020456244;20.347126020456244
572;45.50;7.50;True;False;False;False;976;9.50;17.50;True;False;False;False;1;37.86287637082205;0;37.86287637082205;37.86287637082205
572;45.50;7.50;True;False;False;False;1335;16.50;25.50;True;False;False;False;1;38.21546176414358;0;38.21546176414358;38.21546176414358
572;45.50;7.50;True;False;False;False;1392;29.50;26.50;True;False;False;False;1;32.08740980504808;0;32.08740980504808;32.08740980504808
573;46.50;7.50;True;False;False;False;12;61.50;3.50;False;False;True;False;9;100.35535210402068;1001.628177824246;62.373701306063595;151.28500719291947
573;46.50;7.50;True;False;False;False;28;61.50;9.50;False;False;True;False;3;129.48503936755696;2108.7650244912106;94.35649427313183;181.4477713883116
573;46.50;7.50;True;False;False;False;76;0.50;6.50;False;True;False;False;2;579.2761468252702;36.9694732484782;574.9767588892682;583.5755347612721
573;46.50;7.50;True;False;False;False;357;50.50;2.50;True;False;False;False;1;20.548062346751294;0;20.548062346751294;20.548062346751294
573;46.50;7.50;True;False;False;False;442;47.50;4.50;True;False;False;False;1;12.8371284308123;0;12.8371284308123;12.8371284308123
573;46.50;7.50;True;False;False;False;460;21.50;5.50;True;False;False;False;1;25.157503596463357;0;25.157503596463357;25.157503596463357
573;46.50;7.50;True;False;False;False;577;50.50;7.50;True;False;False;False;1;6.342227827312399;0;6.342227827312399;6.342227827312399
573;46.50;7.50;True;False;False;False;618;47.50;8.50;True;False;False;False;1;6.695996005268171;0;6.695996005268171;6.695996005268171
573;46.50;7.50;True;False;False;False;822;31.50;13.50;True;False;False;False;4;21.729232414217904;1.645933655003267;20.88805834856248;23.617222222224882
573;46.50;7.50;True;False;False;False;823;32.50;13.50;True;False;False;False;1;20.513245931393612;0;20.513245931393612;20.513245931393612
573;46.50;7.50;True;False;False;False;864;29.50;14.50;True;False;False;False;1;44.17093072120497;0;44.17093072120497;44.17093072120497
573;46.50;7.50;True;False;False;False;968;45.50;16.50;True;False;False;False;1;14.296479887290843;0;14.296479887290843;14.296479887290843
573;46.50;7.50;True;False;False;False;970;47.50;16.50;True;False;False;False;1;13.646981859721564;0;13.646981859721564;13.646981859721564
573;46.50;7.50;True;False;False;False;1106;51.50;19.50;True;False;False;False;1;18.227041028862004;0;18.227041028862004;18.227041028862004
574;47.50;7.50;True;False;False;False;12;61.50;3.50;False;False;True;False;7;89.20680351024215;546.664276812008;64.73379989910245;133.8879717501004
574;47.50;7.50;True;False;False;False;28;61.50;9.50;False;False;True;False;3;111.1324654075404;2321.3210620994064;74.09018758282605;165.60111191454052
574;47.50;7.50;True;False;False;False;44;61.50;15.50;False;False;True;False;3;89.63658320987209;679.6018997071005;61.21508420720238;112.43602851080504
574;47.50;7.50;True;False;False;False;108;0.50;18.50;False;True;False;False;1;530.3362009043385;0;530.3362009043385;530.3362009043385
574;47.50;7.50;True;False;False;False;302;39.50;1.50;True;False;False;False;1;20.34417745605242;0;20.34417745605242;20.34417745605242
574;47.50;7.50;True;False;False;False;336;29.50;2.50;True;False;False;False;1;22.58115214184363;0;22.58115214184363;22.58115214184363
574;47.50;7.50;True;False;False;False;578;51.50;7.50;True;False;False;False;1;7.887687984551064;0;7.887687984551064;7.887687984551064
574;47.50;7.50;True;False;False;False;590;19.50;8.50;True;False;False;False;1;39.326483082022605;0;39.326483082022605;39.326483082022605
574;47.50;7.50;True;False;False;False;734;31.50;11.50;True;False;False;False;1;20.771959232017252;0;20.771959232017252;20.771959232017252
574;47.50;7.50;True;False;False;False;752;49.50;11.50;True;False;False;False;1;11.770897951359075;0;11.770897951359075;11.770897951359075
574;47.50;7.50;True;False;False;False;821;30.50;13.50;True;False;False;False;4;24.321480284248537;6.523918099334352;21.91036797272318;26.91156968051837
574;47.50;7.50;True;False;False;False;822;31.50;13.50;True;False;False;False;2;21.84004689570611;0.22874853190814354;21.50185424949086;22.178239541921357
574;47.50;7.50;True;False;False;False;823;32.50;13.50;True;False;False;False;1;21.84009379141571;0;21.84009379141571;21.84009379141571
574;47.50;7.50;True;False;False;False;1016;49.50;17.50;True;False;False;False;1;15.208427124746095;0;15.208427124746095;15.208427124746095
576;49.50;7.50;True;False;False;False;12;61.50;3.50;False;False;True;False;8;97.35581408213284;1449.245723140418;58.46944844260361;150.2743650388511
576;49.50;7.50;True;False;False;False;28;61.50;9.50;False;False;True;False;3;89.85590887466303;1660.245068866313;42.83398268030214;114.76290621045337
576;49.50;7.50;True;False;False;False;44;61.50;15.50;False;False;True;False;1;136.7390836646373;0;136.7390836646373;136.7390836646373
576;49.50;7.50;True;False;False;False;60;61.50;21.50;False;False;True;False;3;93.88947979460379;4928.520622450002;53.06768398636632;174.95271782416967
576;49.50;7.50;True;False;False;False;705;46.50;10.50;True;False;False;False;1;11.8880591520101;0;11.8880591520101;11.8880591520101
576;49.50;7.50;True;False;False;False;734;31.50;11.50;True;False;False;False;1;25.25071199449303;0;25.25071199449303;25.25071199449303
576;49.50;7.50;True;False;False;False;747;44.50;11.50;True;False;False;False;1;13.670007192915364;0;13.670007192915364;13.670007192915364
576;49.50;7.50;True;False;False;False;820;29.50;13.50;True;False;False;False;1;24.977597387860442;0;24.977597387860442;24.977597387860442
576;49.50;7.50;True;False;False;False;821;30.50;13.50;True;False;False;False;3;24.60546389395343;0.21768362762920856;24.074819610093982;24.951384488937038
576;49.50;7.50;True;False;False;False;822;31.50;13.50;True;False;False;False;2;26.695141319961294;16.01822043765942;23.86510417906902;29.525178460853567
576;49.50;7.50;True;False;False;False;843;52.50;13.50;True;False;False;False;1;14.877579807300208;0;14.877579807300208;14.877579807300208
576;49.50;7.50;True;False;False;False;866;31.50;14.50;True;False;False;False;1;24.8408441226984;0;24.8408441226984;24.8408441226984
576;49.50;7.50;True;False;False;False;945;22.50;16.50;True;False;False;False;1;31.79694804090559;0;31.79694804090559;31.79694804090559
576;49.50;7.50;True;False;False;False;965;42.50;16.50;True;False;False;False;1;18.94166666666206;0;18.94166666666206;18.94166666666206
576;49.50;7.50;True;False;False;False;974;51.50;16.50;True;False;False;False;1;14.244628832529997;0;14.244628832529997;14.244628832529997
576;49.50;7.50;True;False;False;False;1107;52.50;19.50;True;False;False;False;1;17.440245107081864;0;17.440245107081864;17.440245107081864
577;50.50;7.50;True;False;False;False;12;61.50;3.50;False;False;True;False;9;105.70373638738945;351.6187051668794;75.91417026313138;139.60065653988568
577;50.50;7.50;True;False;False;False;28;61.50;9.50;False;False;True;False;3;76.99148921003355;573.4721093004102;49.41621289890827;92.56103970188815
577;50.50;7.50;True;False;False;False;44;61.50;15.50;False;False;True;False;1;139.8962120954452;0;139.8962120954452;139.8962120954452
577;50.50;7.50;True;False;False;False;108;0.50;18.50;False;True;False;False;1;531.3036051044073;0;531.3036051044073;531.3036051044073
577;50.50;7.50;True;False;False;False;312;49.50;1.50;True;False;False;False;1;11.091944846169099;0;11.091944846169099;11.091944846169099
577;50.50;7.50;True;False;False;False;621;50.50;8.50;True;False;False;False;1;3.4022222222229175;0;3.4022222222229175;3.4022222222229175
577;50.50;7.50;True;False;False;False;820;29.50;13.50;True;False;False;False;1;66.42611191456035;0;66.42611191456035;66.42611191456035
577;50.50;7.50;True;False;False;False;821;30.50;13.50;True;False;False;False;4;28.40574989919446;19.554677709503814;24.457138337180368;32.86280849704781
577;50.50;7.50;True;False;False;False;822;31.50;13.50;True;False;False;False;2;23.849669730971527;0.21873216905031484;23.518964296294143;24.18037516564891
577;50.50;7.50;True;False;False;False;865;30.50;14.50;True;False;False;False;1;25.514264054540945;0;25.514264054540945;25.514264054540945
577;50.50;7.50;True;False;False;False;887;52.50;14.50;True;False;False;False;1;12.575274181315763;0;12.575274181315763;12.575274181315763
577;50.50;7.50;True;False;False;False;1011;44.50;17.50;True;False;False;False;1;17.809812417173816;0;17.809812417173816;17.809812417173816
577;50.50;7.50;True;False;False;False;1248;17.50;23.50;True;False;False;False;1;40.88676045807733;0;40.88676045807733;40.88676045807733
577;50.50;7.50;True;False;False;False;1335;16.50;25.50;True;False;False;False;1;42.14981641534541;0;42.14981641534541;42.14981641534541
578;51.50;7.50;True;False;False;False;12;61.50;3.50;False;False;True;False;8;75.19470290603658;146.39497510953774;51.226483082016784;87.79939887667933
578;51.50;7.50;True;False;False;False;28;61.50;9.50;False;False;True;False;6;94.92248557008915;469.7164356247275;62.48499361052018;116.35194165143184
578;51.50;7.50;True;False;False;False;44;61.50;15.50;False;False;True;False;2;145.3223479990147;4026.838247960561;100.4512089007003;190.19348709732913
578;51.50;7.50;True;False;False;False;60;61.50;21.50;False;False;True;False;2;69.59759459484849;1859.1324247707782;39.108806288564665;100.08638290113231
578;51.50;7.50;True;False;False;False;447;52.50;4.50;True;False;False;False;1;8.313431122940528;0;8.313431122940528;8.313431122940528
578;51.50;7.50;True;False;False;False;483;44.50;5.50;True;False;False;False;1;13.34296536059992;0;13.34296536059992;13.34296536059992
578;51.50;7.50;True;False;False;False;488;49.50;5.50;True;False;False;False;1;9.825277376050508;0;9.825277376050508;9.825277376050508
578;51.50;7.50;True;False;False;False;489;50.50;5.50;True;False;False;False;1;8.633239541919465;0;8.633239541919465;8.633239541919465
578;51.50;7.50;True;False;False;False;618;47.50;8.50;True;False;False;False;1;9.47527817950322;0;9.47527817950322;9.47527817950322
578;51.50;7.50;True;False;False;False;735;32.50;11.50;True;False;False;False;1;22.263956318967075;0;22.263956318967075;22.263956318967075
578;51.50;7.50;True;False;False;False;821;30.50;13.50;True;False;False;False;1;25.443982680280897;0;25.443982680280897;25.443982680280897
578;51.50;7.50;True;False;False;False;822;31.50;13.50;True;False;False;False;4;27.985047895252592;29.879640816088454;24.422222222221535;36.07722222222401
578;51.50;7.50;True;False;False;False;823;32.50;13.50;True;False;False;False;1;23.598220909314477;0;23.598220909314477;23.598220909314477
578;51.50;7.50;True;False;False;False;972;49.50;16.50;True;False;False;False;1;19.93110072345371;0;19.93110072345371;19.93110072345371
578;51.50;7.50;True;False;False;False;1080;25.50;19.50;True;False;False;False;1;32.86361151284291;0;32.86361151284291;32.86361151284291
578;51.50;7.50;True;False;False;False;1100;45.50;19.50;True;False;False;False;1;19.60305915201934;0;19.60305915201934;19.60305915201934
578;51.50;7.50;True;False;False;False;1113;14.50;20.50;True;False;False;False;1;59.720551557373255;0;59.720551557373255;59.720551557373255
578;51.50;7.50;True;False;False;False;1138;39.50;20.50;True;False;False;False;1;23.89128830627851;0;23.89128830627851;23.89128830627851
578;51.50;7.50;True;False;False;False;1145;46.50;20.50;True;False;False;False;1;19.284076471714798;0;19.284076471714798;19.284076471714798
579;52.50;7.50;True;False;False;False;12;61.50;3.50;False;False;True;False;8;96.07676928142183;224.04878185483471;80.28008898982443;121.41248599681421
579;52.50;7.50;True;False;False;False;28;61.50;9.50;False;False;True;False;6;99.84928999379319;337.2891093503287;65.98379829221085;115.80824753829438
579;52.50;7.50;True;False;False;False;484;45.50;5.50;True;False;False;False;1;12.465558750292985;0;12.465558750292985;12.465558750292985
579;52.50;7.50;True;False;False;False;711;52.50;10.50;True;False;False;False;1;6.287067654671773;0;6.287067654671773;6.287067654671773
579;52.50;7.50;True;False;False;False;734;31.50;11.50;True;False;False;False;1;23.60139967827149;0;23.60139967827149;23.60139967827149
579;52.50;7.50;True;False;False;False;820;29.50;13.50;True;False;False;False;2;29.19071182415587;13.365991486956792;26.60556274847795;31.775860899833788
579;52.50;7.50;True;False;False;False;821;30.50;13.50;True;False;False;False;2;36.07765147650002;217.2668047682019;25.65491659624422;46.500386356755826
579;52.50;7.50;True;False;False;False;822;31.50;13.50;True;False;False;False;2;29.052820675308794;31.598733593983308;25.07797894298892;33.02766240762867
579;52.50;7.50;True;False;False;False;823;32.50;13.50;True;False;False;False;3;24.250319040223832;0.10876267978032958;23.931965640547332;24.590468153612164
579;52.50;7.50;True;False;False;False;864;29.50;14.50;True;False;False;False;1;34.4188992765412;0;34.4188992765412;34.4188992765412
579;52.50;7.50;True;False;False;False;1380;17.50;26.50;True;False;False;False;1;43.24223102205542;0;43.24223102205542;43.24223102205542
580;9.50;8.50;True;False;False;False;12;61.50;3.50;False;False;True;False;1;83.31287476392026;0;83.31287476392026;83.31287476392026
580;9.50;8.50;True;False;False;False;572;45.50;7.50;True;False;False;False;1;31.114447639180298;0;31.114447639180298;31.114447639180298
580;9.50;8.50;True;False;False;False;613;42.50;8.50;True;False;False;False;1;25.581111111112477;0;25.581111111112477;25.581111111112477
582;11.50;8.50;True;False;False;False;60;61.50;21.50;False;False;True;False;3;131.78992592531662;70.62877100744036;124.97424086888896;141.1801257578154
582;11.50;8.50;True;False;False;False;566;39.50;7.50;True;False;False;False;1;53.00685824768243;0;53.00685824768243;53.00685824768243
582;11.50;8.50;True;False;False;False;872;37.50;14.50;True;False;False;False;1;28.7997258186806;0;28.7997258186806;28.7997258186806
582;11.50;8.50;True;False;False;False;1371;52.50;25.50;True;False;False;False;1;46.35518038990085;0;46.35518038990085;46.35518038990085
583;12.50;8.50;True;False;False;False;44;61.50;15.50;False;False;True;False;1;117.0746360254343;0;117.0746360254343;117.0746360254343
583;12.50;8.50;True;False;False;False;60;61.50;21.50;False;False;True;False;4;90.95160191865466;84.55951159841237;82.7744484426239;100.79435145648131
583;12.50;8.50;True;False;False;False;353;46.50;2.50;True;False;False;False;1;34.11702824992244;0;34.11702824992244;34.11702824992244
583;12.50;8.50;True;False;False;False;481;42.50;5.50;True;False;False;False;1;29.562527027610486;0;29.562527027610486;29.562527027610486
583;12.50;8.50;True;False;False;False;484;45.50;5.50;True;False;False;False;1;31.95064934696893;0;31.95064934696893;31.95064934696893
583;12.50;8.50;True;False;False;False;563;36.50;7.50;True;False;False;False;1;23.424909403311176;0;23.424909403311176;23.424909403311176
583;12.50;8.50;True;False;False;False;1091;36.50;19.50;True;False;False;False;1;31.10955367065253;0;31.10955367065253;31.10955367065253
585;14.50;8.50;True;False;False;False;693;34.50;10.50;True;False;False;False;1;21.157048221787136;0;21.157048221787136;21.157048221787136
588;17.50;8.50;True;False;False;False;12;61.50;3.50;False;False;True;False;2;87.24879126038377;1063.7231815527814;64.18666666666104;110.3109158541065
588;17.50;8.50;True;False;False;False;28;61.50;9.50;False;False;True;False;1;86.71361390412449;0;86.71361390412449;86.71361390412449
588;17.50;8.50;True;False;False;False;686;27.50;10.50;True;False;False;False;1;15.1990544117034;0;15.1990544117034;15.1990544117034
588;17.50;8.50;True;False;False;False;1410;47.50;26.50;True;False;False;False;1;39.512409805046445;0;39.512409805046445;39.512409805046445
590;19.50;8.50;True;False;False;False;28;61.50;9.50;False;False;True;False;1;108.73602451260376;0;108.73602451260376;108.73602451260376
590;19.50;8.50;True;False;False;False;44;61.50;15.50;False;False;True;False;1;86.9949976086973;0;86.9949976086973;86.9949976086973
590;19.50;8.50;True;False;False;False;1371;52.50;25.50;True;False;False;False;1;43.26564135060289;0;43.26564135060289;43.26564135060289
591;20.50;8.50;True;False;False;False;866;31.50;14.50;True;False;False;False;1;19.27202744648821;0;19.27202744648821;19.27202744648821
592;21.50;8.50;True;False;False;False;28;61.50;9.50;False;False;True;False;1;71.99101412497112;0;71.99101412497112;71.99101412497112
592;21.50;8.50;True;False;False;False;844;9.50;14.50;True;False;False;False;1;19.4157399436408;0;19.4157399436408;19.4157399436408
593;22.50;8.50;True;False;False;False;733;30.50;11.50;True;False;False;False;1;15.044524653465487;0;15.044524653465487;15.044524653465487
595;24.50;8.50;True;False;False;False;12;61.50;3.50;False;False;True;False;1;155.35845907207113;0;155.35845907207113;155.35845907207113
595;24.50;8.50;True;False;False;False;28;61.50;9.50;False;False;True;False;1;179.714260859805;0;179.714260859805;179.714260859805
595;24.50;8.50;True;False;False;False;60;61.50;21.50;False;False;True;False;1;165.83251478753664;0;165.83251478753664;165.83251478753664
595;24.50;8.50;True;False;False;False;551;24.50;7.50;True;False;False;False;1;3.338059152021742;0;3.338059152021742;3.338059152021742
595;24.50;8.50;True;False;False;False;691;32.50;10.50;True;False;False;False;1;14.526757263342006;0;14.526757263342006;14.526757263342006
595;24.50;8.50;True;False;False;False;733;30.50;11.50;True;False;False;False;1;13.798603998136969;0;13.798603998136969;13.798603998136969
596;25.50;8.50;True;False;False;False;76;0.50;6.50;False;True;False;False;1;579.9853775760081;0;579.9853775760081;579.9853775760081
596;25.50;8.50;True;False;False;False;864;29.50;14.50;True;False;False;False;1;14.635367972730819;0;14.635367972730819;14.635367972730819
597;26.50;8.50;True;False;False;False;28;61.50;9.50;False;False;True;False;1;125.79296616406282;0;125.79296616406282;125.79296616406282
597;26.50;8.50;True;False;False;False;124;0.50;24.50;False;True;False;False;1;553.474294395015;0;553.474294395015;553.474294395015
597;26.50;8.50;True;False;False;False;754;51.50;11.50;True;False;False;False;1;26.03518758282371;0;26.03518758282371;26.03518758282371
597;26.50;8.50;True;False;False;False;822;31.50;13.50;True;False;False;False;1;14.227777777774463;0;14.227777777774463;14.227777777774463
598;27.50;8.50;True;False;False;False;12;61.50;3.50;False;False;True;False;1;92.76499999999578;0;92.76499999999578;92.76499999999578
598;27.50;8.50;True;False;False;False;92;0.50;12.50;False;True;False;False;1;263.03575752419783;0;263.03575752419783;263.03575752419783
598;27.50;8.50;True;False;False;False;484;45.50;5.50;True;False;False;False;1;21.656111111115024;0;21.656111111115024;21.656111111115024
598;27.50;8.50;True;False;False;False;821;30.50;13.50;True;False;False;False;1;12.547122041331022;0;12.547122041331022;12.547122041331022
600;29.50;8.50;True;False;False;False;12;61.50;3.50;False;False;True;False;1;124.4083349402099;0;124.4083349402099;124.4083349402099
600;29.50;8.50;True;False;False;False;44;61.50;15.50;False;False;True;False;1;127.01806634492823;0;127.01806634492823;127.01806634492823
600;29.50;8.50;True;False;False;False;124;0.50;24.50;False;True;False;False;1;546.977476431668;0;546.977476431668;546.977476431668
600;29.50;8.50;True;False;False;False;469;30.50;5.50;True;False;False;False;1;8.78380948332051;0;8.78380948332051;8.78380948332051
600;29.50;8.50;True;False;False;False;718;15.50;11.50;True;False;False;False;1;19.055743138374964;0;19.055743138374964;19.055743138374964
600;29.50;8.50;True;False;False;False;733;30.50;11.50;True;False;False;False;1;9.69092352828011;0;9.69092352828011;9.69092352828011
600;29.50;8.50;True;False;False;False;822;31.50;13.50;True;False;False;False;1;12.58666666666386;0;12.58666666666386;12.58666666666386
601;30.50;8.50;True;False;False;False;12;61.50;3.50;False;False;True;False;3;131.87990887403552;2084.5575383651744;104.46453504111923;184.5857431383647
601;30.50;8.50;True;False;False;False;92;0.50;12.50;False;True;False;False;1;260.93778497067433;0;260.93778497067433;260.93778497067433
601;30.50;8.50;True;False;False;False;108;0.50;18.50;False;True;False;False;1;564.462048760648;0;564.462048760648;564.462048760648
601;30.50;8.50;True;False;False;False;574;47.50;7.50;True;False;False;False;1;18.522958167675824;0;18.522958167675824;18.522958167675824
601;30.50;8.50;True;False;False;False;820;29.50;13.50;True;False;False;False;1;10.37873912307623;0;10.37873912307623;10.37873912307623
601;30.50;8.50;True;False;False;False;865;30.50;14.50;True;False;False;False;1;8.128333333334012;0;8.128333333334012;8.128333333334012
601;30.50;8.50;True;False;False;False;872;37.50;14.50;True;False;False;False;1;17.13333333333503;0;17.13333333333503;17.13333333333503
601;30.50;8.50;True;False;False;False;1398;35.50;26.50;True;False;False;False;1;23.12074313838093;0;23.12074313838093;23.12074313838093
602;31.50;8.50;True;False;False;False;12;61.50;3.50;False;False;True;False;1;125.96805676072881;0;125.96805676072881;125.96805676072881
602;31.50;8.50;True;False;False;False;833;42.50;13.50;True;False;False;False;1;29.58897229264494;0;29.58897229264494;29.58897229264494
603;32.50;8.50;True;False;False;False;28;61.50;9.50;False;False;True;False;4;109.64599927128677;385.6734774836273;96.33296616405369;138.19777138830614
603;32.50;8.50;True;False;False;False;44;61.50;15.50;False;False;True;False;2;117.51936344151;33.17964773646755;113.44630269211848;121.59242419090151
603;32.50;8.50;True;False;False;False;92;0.50;12.50;False;True;False;False;1;249.53506341282537;0;249.53506341282537;249.53506341282537
603;32.50;8.50;True;False;False;False;339;32.50;2.50;True;False;False;False;1;14.17814255577241;0;14.17814255577241;14.17814255577241
603;32.50;8.50;True;False;False;False;426;31.50;4.50;True;False;False;False;1;9.459632027266707;0;9.459632027266707;9.459632027266707
603;32.50;8.50;True;False;False;False;484;45.50;5.50;True;False;False;False;1;18.02805915201816;0;18.02805915201816;18.02805915201816
603;32.50;8.50;True;False;False;False;695;36.50;10.50;True;False;False;False;1;10.879906208587272;0;10.879906208587272;10.879906208587272
603;32.50;8.50;True;False;False;False;820;29.50;13.50;True;False;False;False;2;14.265842927043195;7.788136227239202;12.292503596461756;16.239182257624634
603;32.50;8.50;True;False;False;False;864;29.50;14.50;True;False;False;False;1;13.661853446041277;0;13.661853446041277;13.661853446041277
605;34.50;8.50;True;False;False;False;12;61.50;3.50;False;False;True;False;1;104.21416307019535;0;104.21416307019535;104.21416307019535
605;34.50;8.50;True;False;False;False;28;61.50;9.50;False;False;True;False;1;151.15696242671402;0;151.15696242671402;151.15696242671402
605;34.50;8.50;True;False;False;False;44;61.50;15.50;False;False;True;False;1;100.85685424948315;0;100.85685424948315;100.85685424948315
605;34.50;8.50;True;False;False;False;92;0.50;12.50;False;True;False;False;1;259.9714910783964;0;259.9714910783964;259.9714910783964
605;34.50;8.50;True;False;False;False;728;25.50;11.50;True;False;False;False;1;14.843517721424178;0;14.843517721424178;14.843517721424178
605;34.50;8.50;True;False;False;False;732;29.50;11.50;True;False;False;False;1;12.633989873214887;0;12.633989873214887;12.633989873214887
605;34.50;8.50;True;False;False;False;754;51.50;11.50;True;False;False;False;1;20.559433253340103;0;20.559433253340103;20.559433253340103
605;34.50;8.50;True;False;False;False;821;30.50;13.50;True;False;False;False;1;26.344902210395958;0;26.344902210395958;26.344902210395958
605;34.50;8.50;True;False;False;False;864;29.50;14.50;True;False;False;False;1;24.753242736655693;0;24.753242736655693;24.753242736655693
606;35.50;8.50;True;False;False;False;12;61.50;3.50;False;False;True;False;1;117.20750040172061;0;117.20750040172061;117.20750040172061
606;35.50;8.50;True;False;False;False;28;61.50;9.50;False;False;True;False;3;137.27583826252703;1490.510458722008;92.92667146831081;163.37139248534913
606;35.50;8.50;True;False;False;False;60;61.50;21.50;False;False;True;False;2;100.9526160032965;3981.68383046953;56.333764435436024;145.57146757115697
606;35.50;8.50;True;False;False;False;76;0.50;6.50;False;True;False;False;1;569.6176168207439;0;569.6176168207439;569.6176168207439
606;35.50;8.50;True;False;False;False;706;47.50;10.50;True;False;False;False;1;16.11759338968477;0;16.11759338968477;16.11759338968477
606;35.50;8.50;True;False;False;False;732;29.50;11.50;True;False;False;False;1;13.079223789201933;0;13.079223789201933;13.079223789201933
606;35.50;8.50;True;False;False;False;734;31.50;11.50;True;False;False;False;1;11.295378360387986;0;11.295378360387986;11.295378360387986
606;35.50;8.50;True;False;False;False;740;37.50;11.50;True;False;False;False;1;10.87768398636399;0;10.87768398636399;10.87768398636399
606;35.50;8.50;True;False;False;False;820;29.50;13.50;True;False;False;False;1;15.583982680302142;0;15.583982680302142;15.583982680302142
606;35.50;8.50;True;False;False;False;823;32.50;13.50;True;False;False;False;1;11.982222222221026;0;11.982222222221026;11.982222222221026
606;35.50;8.50;True;False;False;False;842;51.50;13.50;True;False;False;False;1;21.71111430583551;0;21.71111430583551;21.71111430583551
607;36.50;8.50;True;False;False;False;12;61.50;3.50;False;False;True;False;2;148.18597245187811;5776.637763665372;94.44289027535342;201.9290546284028
607;36.50;8.50;True;False;False;False;108;0.50;18.50;False;True;False;False;1;579.1717679731537;0;579.1717679731537;579.1717679731537
607;36.50;8.50;True;False;False;False;611;40.50;8.50;True;False;False;False;1;6.544628832534386;0;6.544628832534386;6.544628832534386
607;36.50;8.50;True;False;False;False;732;29.50;11.50;True;False;False;False;1;13.846647214668337;0;13.846647214668337;13.846647214668337
607;36.50;8.50;True;False;False;False;743;40.50;11.50;True;False;False;False;1;12.277128430803714;0;12.277128430803714;12.277128430803714
607;36.50;8.50;True;False;False;False;836;45.50;13.50;True;False;False;False;1;16.866666666668607;0;16.866666666668607;16.866666666668607
608;37.50;8.50;True;False;False;False;12;61.50;3.50;False;False;True;False;9;100.32247637718761;2056.228240686382;22.769069278801908;179.8567540686097
608;37.50;8.50;True;False;False;False;28;61.50;9.50;False;False;True;False;2;94.73130149646477;28.05012780342847;90.98629630264804;98.47630669028149
608;37.50;8.50;True;False;False;False;76;0.50;6.50;False;True;False;False;1;569.3048137784972;0;569.3048137784972;569.3048137784972
608;37.50;8.50;True;False;False;False;92;0.50;12.50;False;True;False;False;3;247.4644227509701;118.70249679362675;235.16483998745025;255.9039072728956
608;37.50;8.50;True;False;False;False;108;0.50;18.50;False;True;False;False;1;589.3095454287541;0;589.3095454287541;589.3095454287541
608;37.50;8.50;True;False;False;False;124;0.50;24.50;False;True;False;False;1;557.0937894924045;0;557.0937894924045;557.0937894924045
608;37.50;8.50;True;False;False;False;475;36.50;5.50;True;False;False;False;1;8.701322163046825;0;8.701322163046825;8.701322163046825
608;37.50;8.50;True;False;False;False;480;41.50;5.50;True;False;False;False;1;11.608885694153287;0;11.608885694153287;11.608885694153287
608;37.50;8.50;True;False;False;False;698;39.50;10.50;True;False;False;False;1;9.438144947052933;0;9.438144947052933;9.438144947052933
608;37.50;8.50;True;False;False;False;699;40.50;10.50;True;False;False;False;1;11.07222222222481;0;11.07222222222481;11.07222222222481
608;37.50;8.50;True;False;False;False;820;29.50;13.50;True;False;False;False;1;15.66249560009237;0;15.66249560009237;15.66249560009237
608;37.50;8.50;True;False;False;False;821;30.50;13.50;True;False;False;False;3;28.052157564785375;205.77230071388632;15.383152943424648;43.62757661255637
608;37.50;8.50;True;False;False;False;822;31.50;13.50;True;False;False;False;2;15.537182519435646;0.00039875855341823803;15.523062346748702;15.55130269212259
608;37.50;8.50;True;False;False;False;823;32.50;13.50;True;False;False;False;2;15.673478680365406;8.693237847987852;13.588624027399419;17.758333333331393
608;37.50;8.50;True;False;False;False;864;29.50;14.50;True;False;False;False;1;16.18629549920138;0;16.18629549920138;16.18629549920138
608;37.50;8.50;True;False;False;False;952;29.50;16.50;True;False;False;False;1;21.94631356104037;0;21.94631356104037;21.94631356104037
608;37.50;8.50;True;False;False;False;1118;19.50;20.50;True;False;False;False;1;27.13286435725786;0;27.13286435725786;27.13286435725786
608;37.50;8.50;True;False;False;False;1138;39.50;20.50;True;False;False;False;1;18.0751843880862;0;18.0751843880862;18.0751843880862
610;39.50;8.50;True;False;False;False;12;61.50;3.50;False;False;True;False;6;106.51003895931353;976.5218664384071;77.94742286756082;162.36315294340602
610;39.50;8.50;True;False;False;False;44;61.50;15.50;False;False;True;False;1;81.74157287524577;0;81.74157287524577;81.74157287524577
610;39.50;8.50;True;False;False;False;76;0.50;6.50;False;True;False;False;2;555.0460173197137;1610.3451225865203;526.6704545712278;583.4215800681995
610;39.50;8.50;True;False;False;False;303;40.50;1.50;True;False;False;False;1;12.42972581867798;0;12.42972581867798;12.42972581867798
610;39.50;8.50;True;False;False;False;564;37.50;7.50;True;False;False;False;1;8.998520916160487;0;8.998520916160487;8.998520916160487
610;39.50;8.50;True;False;False;False;571;44.50;7.50;True;False;False;False;1;10.15306315020257;0;10.15306315020257;10.15306315020257
610;39.50;8.50;True;False;False;False;733;30.50;11.50;True;False;False;False;1;15.601111111103819;0;15.601111111103819;15.601111111103819
610;39.50;8.50;True;False;False;False;821;30.50;13.50;True;False;False;False;4;18.005616711864946;10.170602691457415;16.007590998389787;22.769507072895067
610;39.50;8.50;True;False;False;False;822;31.50;13.50;True;False;False;False;1;15.798055957282486;0;15.798055957282486;15.798055957282486
610;39.50;8.50;True;False;False;False;836;45.50;13.50;True;False;False;False;1;14.55322915425495;0;14.55322915425495;14.55322915425495
611;40.50;8.50;True;False;False;False;12;61.50;3.50;False;False;True;False;1;146.69556116063904;0;146.69556116063904;146.69556116063904
611;40.50;8.50;True;False;False;False;28;61.50;9.50;False;False;True;False;2;110.32792925427515;922.7686776867642;88.84807034311416;131.80778816543614
611;40.50;8.50;True;False;False;False;44;61.50;15.50;False;False;True;False;1;60.5487959009115;0;60.5487959009115;60.5487959009115
611;40.50;8.50;True;False;False;False;734;31.50;11.50;True;False;False;False;2;15.98666826403496;0.9864910786024175;15.284353847764578;16.688982680305344
611;40.50;8.50;True;False;False;False;867;32.50;14.50;True;False;False;False;1;19.188793490572948;0;19.188793490572948;19.188793490572948
611;40.50;8.50;True;False;False;False;1016;49.50;17.50;True;False;False;False;1;24.522222222216442;0;24.522222222216442;24.522222222216442
612;41.50;8.50;True;False;False;False;12;61.50;3.50;False;False;True;False;2;97.05601505103095;4.2935626017351805;95.59082519955518;98.52120490250672
612;41.50;8.50;True;False;False;False;60;61.50;21.50;False;False;True;False;2;60.603953365163534;39.72984987676463;56.146944846169845;65.06096188415722
612;41.50;8.50;True;False;False;False;124;0.50;24.50;False;True;False;False;1;581.584997892267;0;581.584997892267;581.584997892267
612;41.50;8.50;True;False;False;False;481;42.50;5.50;True;False;False;False;1;8.727212638032142;0;8.727212638032142;8.727212638032142
612;41.50;8.50;True;False;False;False;733;30.50;11.50;True;False;False;False;1;15.770638959340431;0;15.770638959340431;15.770638959340431
612;41.50;8.50;True;False;False;False;821;30.50;13.50;True;False;False;False;1;19.048337331509174;0;19.048337331509174;19.048337331509174
612;41.50;8.50;True;False;False;False;822;31.50;13.50;True;False;False;False;1;17.949625098921388;0;17.949625098921388;17.949625098921388
612;41.50;8.50;True;False;False;False;823;32.50;13.50;True;False;False;False;1;17.43565254170403;0;17.43565254170403;17.43565254170403
613;42.50;8.50;True;False;False;False;12;61.50;3.50;False;False;True;False;1;118.6877857741274;0;118.6877857741274;118.6877857741274
613;42.50;8.50;True;False;False;False;28;61.50;9.50;False;False;True;False;6;92.45137037014834;4065.5572789911116;33.20074233492414;214.9812451107191
613;42.50;8.50;True;False;False;False;44;61.50;15.50;False;False;True;False;1;79.62966561954454;0;79.62966561954454;79.62966561954454
613;42.50;8.50;True;False;False;False;60;61.50;21.50;False;False;True;False;1;89.03073914018387;0;89.03073914018387;89.03073914018387
613;42.50;8.50;True;False;False;False;76;0.50;6.50;False;True;False;False;1;549.5947883031331;0;549.5947883031331;549.5947883031331
613;42.50;8.50;True;False;False;False;92;0.50;12.50;False;True;False;False;1;261.4541062098597;0;261.4541062098597;261.4541062098597
613;42.50;8.50;True;False;False;False;108;0.50;18.50;False;True;False;False;1;574.1650530062725;0;574.1650530062725;574.1650530062725
613;42.50;8.50;True;False;False;False;353;46.50;2.50;True;False;False;False;1;13.332683986365737;0;13.332683986365737;13.332683986365737
613;42.50;8.50;True;False;False;False;437;42.50;4.50;True;False;False;False;1;6.376118304036936;0;6.376118304036936;6.376118304036936
613;42.50;8.50;True;False;False;False;755;52.50;11.50;True;False;False;False;1;15.834632027268526;0;15.834632027268526;15.834632027268526
613;42.50;8.50;True;False;False;False;821;30.50;13.50;True;False;False;False;2;18.93522409088291;0.7221304221605581;18.33433707065342;19.536111111112405
613;42.50;8.50;True;False;False;False;822;31.50;13.50;True;False;False;False;5;21.36524093078442;25.555774872977544;17.455075158817635;27.915732750716415
613;42.50;8.50;True;False;False;False;959;36.50;16.50;True;False;False;False;1;17.359841992309157;0;17.359841992309157;17.359841992309157
613;42.50;8.50;True;False;False;False;1371;52.50;25.50;True;False;False;False;1;24.999170263123233;0;24.999170263123233;24.999170263123233
615;44.50;8.50;True;False;False;False;12;61.50;3.50;False;False;True;False;1;162.7255595537281;0;162.7255595537281;162.7255595537281
615;44.50;8.50;True;False;False;False;28;61.50;9.50;False;False;True;False;4;108.75788429626618;621.8936071183244;88.29090300835742;144.8228787620974
615;44.50;8.50;True;False;False;False;60;61.50;21.50;False;False;True;False;1;97.85733628801245;0;97.85733628801245;97.85733628801245
615;44.50;8.50;True;False;False;False;92;0.50;12.50;False;True;False;False;2;240.2091871819589;58.6106488529343;234.795747939992;245.6226264239258
615;44.50;8.50;True;False;False;False;711;52.50;10.50;True;False;False;False;1;14.288888888888323;0;14.288888888888323;14.288888888888323
615;44.50;8.50;True;False;False;False;734;31.50;11.50;True;False;False;False;1;17.32869811132332;0;17.32869811132332;17.32869811132332
615;44.50;8.50;True;False;False;False;821;30.50;13.50;True;False;False;False;1;19.452094612192923;0;19.452094612192923;19.452094612192923
615;44.50;8.50;True;False;False;False;822;31.50;13.50;True;False;False;False;3;19.94971168799869;2.713092641867139;18.40910204863758;21.685927526457817
615;44.50;8.50;True;False;False;False;952;29.50;16.50;True;False;False;False;1;22.15240661031021;0;22.15240661031021;22.15240661031021
615;44.50;8.50;True;False;False;False;998;31.50;17.50;True;False;False;False;1;22.59880229038754;0;22.59880229038754;22.59880229038754
616;45.50;8.50;True;False;False;False;12;61.50;3.50;False;False;True;False;1;173.23936184412378;0;173.23936184412378;173.23936184412378
616;45.50;8.50;True;False;False;False;28;61.50;9.50;False;False;True;False;2;82.04301585277699;2.0231998633390575;81.03723260989136;83.04879909566262
616;45.50;8.50;True;False;False;False;108;0.50;18.50;False;True;False;False;1;537.9469080781746;0;537.9469080781746;537.9469080781746
616;45.50;8.50;True;False;False;False;803;12.50;13.50;True;False;False;False;1;32.661100723446;0;32.661100723446;32.661100723446
616;45.50;8.50;True;False;False;False;820;29.50;13.50;True;False;False;False;1;20.83574313837744;0;20.83574313837744;20.83574313837744
616;45.50;8.50;True;False;False;False;821;30.50;13.50;True;False;False;False;2;26.444514516256277;48.218853234984465;21.53437942468372;31.354649607828833
617;46.50;8.50;True;False;False;False;28;61.50;9.50;False;False;True;False;3;108.41707468396392;874.4973638593248;86.98527817948343;142.1548307631092
617;46.50;8.50;True;False;False;False;60;61.50;21.50;False;False;True;False;1;164.51491340151006;0;164.51491340151006;164.51491340151006
617;46.50;8.50;True;False;False;False;734;31.50;11.50;True;False;False;False;1;20.161630721224356;0;20.161630721224356;20.161630721224356
617;46.50;8.50;True;False;False;False;840;49.50;13.50;True;False;False;False;1;12.933437512394448;0;12.933437512394448;12.933437512394448
617;46.50;8.50;True;False;False;False;1019;52.50;17.50;True;False;False;False;1;21.14037197091602;0;21.14037197091602;21.14037197091602
617;46.50;8.50;True;False;False;False;1065;10.50;19.50;True;False;False;False;1;57.62222302566943;0;57.62222302566943;57.62222302566943
618;47.50;8.50;True;False;False;False;12;61.50;3.50;False;False;True;False;9;101.75798656022026;484.3531296637423;71.17185824768148;128.8276807916236
618;47.50;8.50;True;False;False;False;28;61.50;9.50;False;False;True;False;4;90.24980535424561;801.5602384686327;49.1755987130673;111.76685824767628
618;47.50;8.50;True;False;False;False;349;42.50;2.50;True;False;False;False;1;13.997442849688014;0;13.997442849688014;13.997442849688014
618;47.50;8.50;True;False;False;False;669;10.50;10.50;True;False;False;False;1;32.823621900486614;0;32.823621900486614;32.823621900486614
618;47.50;8.50;True;False;False;False;733;30.50;11.50;True;False;False;False;1;20.212460438950075;0;20.212460438950075;20.212460438950075
618;47.50;8.50;True;False;False;False;820;29.50;13.50;True;False;False;False;2;23.051561944157584;0.04156152055166005;22.907406610313046;23.19571727800212
618;47.50;8.50;True;False;False;False;821;30.50;13.50;True;False;False;False;2;22.62254689570773;2.0896700914439794;21.60037516565353;23.644718625761925
618;47.50;8.50;True;False;False;False;822;31.50;13.50;True;False;False;False;4;21.58210886936729;0.24129319384274434;20.856514264059115;21.94478078804059
618;47.50;8.50;True;False;False;False;843;52.50;13.50;True;False;False;False;1;14.282409805040515;0;14.282409805040515;14.282409805040515
618;47.50;8.50;True;False;False;False;1148;49.50;20.50;True;False;False;False;1;19.55925686161936;0;19.55925686161936;19.55925686161936
620;49.50;8.50;True;False;False;False;12;61.50;3.50;False;False;True;False;8;103.13918061862046;395.7530003410172;71.98711804315644;141.73833333334096
620;49.50;8.50;True;False;False;False;28;61.50;9.50;False;False;True;False;3;81.92941062257826;2456.1973980431258;38.286111111112405;135.80795049350309
620;49.50;8.50;True;False;False;False;44;61.50;15.50;False;False;True;False;1;147.64704183230242;0;147.64704183230242;147.64704183230242
620;49.50;8.50;True;False;False;False;108;0.50;18.50;False;True;False;False;1;535.021677857716;0;535.021677857716;535.021677857716
620;49.50;8.50;True;False;False;False;488;49.50;5.50;True;False;False;False;1;4.853982680295303;0;4.853982680295303;4.853982680295303
620;49.50;8.50;True;False;False;False;576;49.50;7.50;True;False;False;False;1;3.625;0;3.625;3.625
620;49.50;8.50;True;False;False;False;690;31.50;10.50;True;False;False;False;1;21.67212843080938;0;21.67212843080938;21.67212843080938
620;49.50;8.50;True;False;False;False;711;52.50;10.50;True;False;False;False;1;10.641475889098729;0;10.641475889098729;10.641475889098729
620;49.50;8.50;True;False;False;False;732;29.50;11.50;True;False;False;False;1;22.155101306092547;0;22.155101306092547;22.155101306092547
620;49.50;8.50;True;False;False;False;734;31.50;11.50;True;False;False;False;1;24.864547300185222;0;24.864547300185222;24.864547300185222
620;49.50;8.50;True;False;False;False;750;47.50;11.50;True;False;False;False;1;10.035739140193982;0;10.035739140193982;10.035739140193982
620;49.50;8.50;True;False;False;False;822;31.50;13.50;True;False;False;False;3;23.006387242537432;0.016228123928536002;22.910840124513925;23.151017319691164
620;49.50;8.50;True;False;False;False;823;32.50;13.50;True;False;False;False;1;22.033149748696815;0;22.033149748696815;22.033149748696815
620;49.50;8.50;True;False;False;False;864;29.50;14.50;True;False;False;False;1;24.957131625546936;0;24.957131625546936;24.957131625546936
620;49.50;8.50;True;False;False;False;988;21.50;17.50;True;False;False;False;1;31.3398196100934;0;31.3398196100934;31.3398196100934
620;49.50;8.50;True;False;False;False;1363;44.50;25.50;True;False;False;False;1;22.76620170778915;0;22.76620170778915;22.76620170778915
621;50.50;8.50;True;False;False;False;12;61.50;3.50;False;False;True;False;1;77.09697151000728;0;77.09697151000728;77.09697151000728
621;50.50;8.50;True;False;False;False;28;61.50;9.50;False;False;True;False;2;81.36155180506125;832.0309990050706;60.96509379141253;101.75800981870998
621;50.50;8.50;True;False;False;False;313;50.50;1.50;True;False;False;False;1;8.226997374200437;0;8.226997374200437;8.226997374200437
621;50.50;8.50;True;False;False;False;314;51.50;1.50;True;False;False;False;1;12.100090596675727;0;12.100090596675727;12.100090596675727
621;50.50;8.50;True;False;False;False;691;32.50;10.50;True;False;False;False;1;20.211572875253864;0;20.211572875253864;20.211572875253864
621;50.50;8.50;True;False;False;False;865;30.50;14.50;True;False;False;False;1;26.4490764717184;0;26.4490764717184;26.4490764717184
622;51.50;8.50;True;False;False;False;12;61.50;3.50;False;False;True;False;4;112.20448722163974;115.77508390246658;97.73777377957595;122.47278497067964
622;51.50;8.50;True;False;False;False;44;61.50;15.50;False;False;True;False;1;135.8612120954458;0;135.8612120954458;135.8612120954458
622;51.50;8.50;True;False;False;False;92;0.50;12.50;False;True;False;False;1;255.27432668296024;0;255.27432668296024;255.27432668296024
622;51.50;8.50;True;False;False;False;358;51.50;2.50;True;False;False;False;1;7.645565139762766;0;7.645565139762766;7.645565139762766
622;51.50;8.50;True;False;False;False;359;52.50;2.50;True;False;False;False;1;10.937958167665784;0;10.937958167665784;10.937958167665784
622;51.50;8.50;True;False;False;False;578;51.50;7.50;True;False;False;False;1;2.932626640817034;0;2.932626640817034;2.932626640817034
622;51.50;8.50;True;False;False;False;822;31.50;13.50;True;False;False;False;2;23.52833652806612;0.02498222817935033;23.416572875255042;23.640100180877198
622;51.50;8.50;True;False;False;False;823;32.50;13.50;True;False;False;False;1;23.136940847986807;0;23.136940847986807;23.136940847986807
623;52.50;8.50;True;False;False;False;12;61.50;3.50;False;False;True;False;7;97.41204450329859;617.9860298809376;77.4922489890705;133.76484518701182
623;52.50;8.50;True;False;False;False;28;61.50;9.50;False;False;True;False;2;92.60269477574263;2864.881195250864;54.75509778960054;130.45029176188473
623;52.50;8.50;True;False;False;False;44;61.50;15.50;False;False;True;False;4;88.71414534313533;526.7926833659496;60.305606690360946;113.92955501300457
623;52.50;8.50;True;False;False;False;60;61.50;21.50;False;False;True;False;1;114.65206530142768;0;114.65206530142768;114.65206530142768
623;52.50;8.50;True;False;False;False;76;0.50;6.50;False;True;False;False;1;546.1664380531329;0;546.1664380531329;546.1664380531329
623;52.50;8.50;True;False;False;False;359;52.50;2.50;True;False;False;False;2;7.603025588236505;0.9976118428454517;6.896763652816844;8.309287523656167
623;52.50;8.50;True;False;False;False;576;49.50;7.50;True;False;False;False;1;8.555544364466186;0;8.555544364466186;8.555544364466186
623;52.50;8.50;True;False;False;False;618;47.50;8.50;True;False;False;False;1;6.752777777777737;0;6.752777777777737;6.752777777777737
623;52.50;8.50;True;False;False;False;689;30.50;10.50;True;False;False;False;1;23.2751572233052;0;23.2751572233052;23.2751572233052
623;52.50;8.50;True;False;False;False;734;31.50;11.50;True;False;False;False;1;23.096353307091704;0;23.096353307091704;23.096353307091704
623;52.50;8.50;True;False;False;False;753;50.50;11.50;True;False;False;False;1;10.22110791636078;0;10.22110791636078;10.22110791636078
623;52.50;8.50;True;False;False;False;818;27.50;13.50;True;False;False;False;1;27.29481961009151;0;27.29481961009151;27.29481961009151
623;52.50;8.50;True;False;False;False;820;29.50;13.50;True;False;False;False;2;26.403220987543932;0.9554771357307486;25.712034639396506;27.094407335691358
623;52.50;8.50;True;False;False;False;821;30.50;13.50;True;False;False;False;2;25.565555555554738;0.15929876543018337;25.283333333334213;25.847777777775264
623;52.50;8.50;True;False;False;False;822;31.50;13.50;True;False;False;False;1;24.106486276763462;0;24.106486276763462;24.106486276763462
623;52.50;8.50;True;False;False;False;1107;52.50;19.50;True;False;False;False;1;10.95927124746595;0;10.95927124746595;10.95927124746595
623;52.50;8.50;True;False;False;False;1239;52.50;22.50;True;False;False;False;1;13.589625316020829;0;13.589625316020829;13.589625316020829
668;9.50;10.50;True;False;False;False;28;61.50;9.50;False;False;True;False;1;92.00870849898274;0;92.00870849898274;92.00870849898274
668;9.50;10.50;True;False;False;False;60;61.50;21.50;False;False;True;False;3;120.09535464550788;4144.901860354758;75.5228307840789;193.90704183231819
668;9.50;10.50;True;False;False;False;739;36.50;11.50;True;False;False;False;1;24.75233759239927;0;24.75233759239927;24.75233759239927
668;9.50;10.50;True;False;False;False;854;19.50;14.50;True;False;False;False;1;16.69629869393748;0;16.69629869393748;16.69629869393748
668;9.50;10.50;True;False;False;False;1001;34.50;17.50;True;False;False;False;1;28.655547559203114;0;28.655547559203114;28.655547559203114
668;9.50;10.50;True;False;False;False;1238;51.50;22.50;True;False;False;False;1;51.91491340150242;0;51.91491340150242;51.91491340150242
669;10.50;10.50;True;False;False;False;12;61.50;3.50;False;False;True;False;1;120.52010578595218;0;120.52010578595218;120.52010578595218
669;10.50;10.50;True;False;False;False;44;61.50;15.50;False;False;True;False;1;73.1795494269536;0;73.1795494269536;73.1795494269536
669;10.50;10.50;True;False;False;False;887;52.50;14.50;True;False;False;False;1;38.63796536060454;0;38.63796536060454;38.63796536060454
669;10.50;10.50;True;False;False;False;1019;52.50;17.50;True;False;False;False;1;40.23516839540025;0;40.23516839540025;40.23516839540025
670;11.50;10.50;True;False;False;False;44;61.50;15.50;False;False;True;False;1;96.82047614996554;0;96.82047614996554;96.82047614996554
670;11.50;10.50;True;False;False;False;60;61.50;21.50;False;False;True;False;1;118.53758780365752;0;118.53758780365752;118.53758780365752
670;11.50;10.50;True;False;False;False;835;44.50;13.50;True;False;False;False;1;46.826847860011185;0;46.826847860011185;46.826847860011185
670;11.50;10.50;True;False;False;False;1102;47.50;19.50;True;False;False;False;1;36.646086857545015;0;36.646086857545015;36.646086857545015
673;14.50;10.50;True;False;False;False;12;61.50;3.50;False;False;True;False;1;153.29970663124186;0;153.29970663124186;153.29970663124186
673;14.50;10.50;True;False;False;False;28;61.50;9.50;False;False;True;False;1;52.01620249217012;0;52.01620249217012;52.01620249217012
673;14.50;10.50;True;False;False;False;60;61.50;21.50;False;False;True;False;1;66.0929653606031;0;66.0929653606031;66.0929653606031
673;14.50;10.50;True;False;False;False;333;26.50;2.50;True;False;False;False;1;20.439075668268288;0;20.439075668268288;20.439075668268288
673;14.50;10.50;True;False;False;False;566;39.50;7.50;True;False;False;False;1;26.684264054532832;0;26.684264054532832;26.684264054532832
673;14.50;10.50;True;False;False;False;753;50.50;11.50;True;False;False;False;1;41.8064060677425;0;41.8064060677425;41.8064060677425
674;15.50;10.50;True;False;False;False;28;61.50;9.50;False;False;True;False;1;83.10805595728016;0;83.10805595728016;83.10805595728016
675;16.50;10.50;True;False;False;False;44;61.50;15.50;False;False;True;False;1;143.51167385958615;0;143.51167385958615;143.51167385958615
675;16.50;10.50;True;False;False;False;1232;45.50;22.50;True;False;False;False;1;34.21268798455367;0;34.21268798455367;34.21268798455367
676;17.50;10.50;True;False;False;False;12;61.50;3.50;False;False;True;False;2;80.68774367054357;717.0999934654615;61.75232720475833;99.6231601363288
676;17.50;10.50;True;False;False;False;469;30.50;5.50;True;False;False;False;1;18.752034639386693;0;18.752034639386693;18.752034639386693
676;17.50;10.50;True;False;False;False;999;32.50;17.50;True;False;False;False;1;22.469443640991813;0;22.469443640991813;22.469443640991813
680;21.50;10.50;True;False;False;False;12;61.50;3.50;False;False;True;False;1;80.8080660615251;0;80.8080660615251;80.8080660615251
680;21.50;10.50;True;False;False;False;568;41.50;7.50;True;False;False;False;1;22.798435924512887;0;22.798435924512887;22.798435924512887
681;22.50;10.50;True;False;False;False;44;61.50;15.50;False;False;True;False;1;118.5936147075372;0;118.5936147075372;118.5936147075372
681;22.50;10.50;True;False;False;False;60;61.50;21.50;False;False;True;False;1;78.67583534195319;0;78.67583534195319;78.67583534195319
681;22.50;10.50;True;False;False;False;821;30.50;13.50;True;False;False;False;1;13.857312818898208;0;13.857312818898208;13.857312818898208
683;24.50;10.50;True;False;False;False;820;29.50;13.50;True;False;False;False;1;12.4718510547591;0;12.4718510547591;12.4718510547591
685;26.50;10.50;True;False;False;False;12;61.50;3.50;False;False;True;False;1;96.37537380444155;0;96.37537380444155;96.37537380444155
685;26.50;10.50;True;False;False;False;60;61.50;21.50;False;False;True;False;2;103.52593231856736;274.9469261162416;91.80102451261337;115.25084012452135
685;26.50;10.50;True;False;False;False;559;32.50;7.50;True;False;False;False;1;12.923996262681612;0;12.923996262681612;12.923996262681612
685;26.50;10.50;True;False;False;False;755;52.50;11.50;True;False;False;False;1;24.77999999999156;0;24.77999999999156;24.77999999999156
685;26.50;10.50;True;False;False;False;820;29.50;13.50;True;False;False;False;1;11.384256861609174;0;11.384256861609174;11.384256861609174
686;27.50;10.50;True;False;False;False;12;61.50;3.50;False;False;True;False;1;119.19620490252964;0;119.19620490252964;119.19620490252964
686;27.50;10.50;True;False;False;False;92;0.50;12.50;False;True;False;False;1;266.1757543294643;0;266.1757543294643;266.1757543294643
686;27.50;10.50;True;False;False;False;810;19.50;13.50;True;False;False;False;1;14.042507594640483;0;14.042507594640483;14.042507594640483
686;27.50;10.50;True;False;False;False;864;29.50;14.50;True;False;False;False;1;10.3997317459216;0;10.3997317459216;10.3997317459216
688;29.50;10.50;True;False;False;False;12;61.50;3.50;False;False;True;False;1;95.99732481345745;0;95.99732481345745;95.99732481345745
688;29.50;10.50;True;False;False;False;60;61.50;21.50;False;False;True;False;1;69.59765087579945;0;69.59765087579945;69.59765087579945
688;29.50;10.50;True;False;False;False;724;21.50;11.50;True;False;False;False;1;12.80144313839628;0;12.80144313839628;12.80144313839628
688;29.50;10.50;True;False;False;False;975;52.50;16.50;True;False;False;False;1;27.393795097477778;0;27.393795097477778;27.393795097477778
689;30.50;10.50;True;False;False;False;12;61.50;3.50;False;False;True;False;3;169.7176577132054;7714.969294950431;107.62104876622834;270.2136235073971
689;30.50;10.50;True;False;False;False;92;0.50;12.50;False;True;False;False;1;281.6138150884026;0;281.6138150884026;281.6138150884026
689;30.50;10.50;True;False;False;False;124;0.50;24.50;False;True;False;False;1;529.8340436827898;0;529.8340436827898;529.8340436827898
689;30.50;10.50;True;False;False;False;471;32.50;5.50;True;False;False;False;1;11.534075668264336;0;11.534075668264336;11.534075668264336
689;30.50;10.50;True;False;False;False;588;17.50;8.50;True;False;False;False;1;17.28879829221205;0;17.28879829221205;17.28879829221205
689;30.50;10.50;True;False;False;False;674;15.50;10.50;True;False;False;False;1;12.895554752121825;0;12.895554752121825;12.895554752121825
689;30.50;10.50;True;False;False;False;701;42.50;10.50;True;False;False;False;1;11.918145750507392;0;11.918145750507392;11.918145750507392
689;30.50;10.50;True;False;False;False;822;31.50;13.50;True;False;False;False;1;11.347222222221262;0;11.347222222221262;11.347222222221262
689;30.50;10.50;True;False;False;False;837;46.50;13.50;True;False;False;False;1;20.074748181831296;0;20.074748181831296;20.074748181831296
689;30.50;10.50;True;False;False;False;864;29.50;14.50;True;False;False;False;1;10.693892887076345;0;10.693892887076345;10.693892887076345
689;30.50;10.50;True;False;False;False;1234;47.50;22.50;True;False;False;False;1;26.97888888888906;0;26.97888888888906;26.97888888888906
690;31.50;10.50;True;False;False;False;12;61.50;3.50;False;False;True;False;2;79.67134599136762;21.534494416637795;76.38999760871775;82.95269437401748
690;31.50;10.50;True;False;False;False;92;0.50;12.50;False;True;False;False;1;342.40815694161483;0;342.40815694161483;342.40815694161483
690;31.50;10.50;True;False;False;False;564;37.50;7.50;True;False;False;False;1;14.282777777777824;0;14.282777777777824;14.282777777777824
690;31.50;10.50;True;False;False;False;734;31.50;11.50;True;False;False;False;1;19.601483082024515;0;19.601483082024515;19.601483082024515
690;31.50;10.50;True;False;False;False;821;30.50;13.50;True;False;False;False;1;9.304274442193673;0;9.304274442193673;9.304274442193673
690;31.50;10.50;True;False;False;False;874;39.50;14.50;True;False;False;False;1;14.868982680300178;0;14.868982680300178;14.868982680300178
690;31.50;10.50;True;False;False;False;1239;52.50;22.50;True;False;False;False;1;29.847319208370493;0;29.847319208370493;29.847319208370493
691;32.50;10.50;True;False;False;False;12;61.50;3.50;False;False;True;False;2;164.53613947148733;286.2126676401371;152.57343351421878;176.49884542875589
691;32.50;10.50;True;False;False;False;28;61.50;9.50;False;False;True;False;6;103.67298857502131;432.537159255864;82.91601731969058;134.87214842169305
691;32.50;10.50;True;False;False;False;92;0.50;12.50;False;True;False;False;1;278.6211512488753;0;278.6211512488753;278.6211512488753
691;32.50;10.50;True;False;False;False;419;24.50;4.50;True;False;False;False;1;16.270580877124303;0;16.270580877124303;16.270580877124303
691;32.50;10.50;True;False;False;False;476;37.50;5.50;True;False;False;False;1;14.780555555555559;0;14.780555555555559;14.780555555555559
691;32.50;10.50;True;False;False;False;568;41.50;7.50;True;False;False;False;1;15.218517721423723;0;15.218517721423723;15.218517721423723
691;32.50;10.50;True;False;False;False;573;46.50;7.50;True;False;False;False;1;18.5627777777774;0;18.5627777777774;18.5627777777774
691;32.50;10.50;True;False;False;False;576;49.50;7.50;True;False;False;False;1;20.974441249707525;0;20.974441249707525;20.974441249707525
691;32.50;10.50;True;False;False;False;734;31.50;11.50;True;False;False;False;1;7.14861470757387;0;7.14861470757387;7.14861470757387
691;32.50;10.50;True;False;False;False;742;39.50;11.50;True;False;False;False;1;12.558611512835341;0;12.558611512835341;12.558611512835341
691;32.50;10.50;True;False;False;False;821;30.50;13.50;True;False;False;False;3;14.116209822886654;8.410696805698985;12.418854266623384;17.464874579467505
691;32.50;10.50;True;False;False;False;857;22.50;14.50;True;False;False;False;1;16.329257665071054;0;16.329257665071054;16.329257665071054
691;32.50;10.50;True;False;False;False;864;29.50;14.50;True;False;False;False;1;11.382967751878823;0;11.382967751878823;11.382967751878823
691;32.50;10.50;True;False;False;False;1374;11.50;26.50;True;False;False;False;1;31.997406610309554;0;31.997406610309554;31.997406610309554
693;34.50;10.50;True;False;False;False;12;61.50;3.50;False;False;True;False;1;85.75907647171607;0;85.75907647171607;85.75907647171607
693;34.50;10.50;True;False;False;False;44;61.50;15.50;False;False;True;False;1;104.73657287523747;0;104.73657287523747;104.73657287523747
693;34.50;10.50;True;False;False;False;76;0.50;6.50;False;True;False;False;1;542.4997282099607;0;542.4997282099607;542.4997282099607
693;34.50;10.50;True;False;False;False;341;34.50;2.50;True;False;False;False;1;9.850000000001728;0;9.850000000001728;9.850000000001728
693;34.50;10.50;True;False;False;False;690;31.50;10.50;True;False;False;False;1;6.297222222222224;0;6.297222222222224;6.297222222222224
693;34.50;10.50;True;False;False;False;734;31.50;11.50;True;False;False;False;1;8.204907012037438;0;8.204907012037438;8.204907012037438
693;34.50;10.50;True;False;False;False;821;30.50;13.50;True;False;False;False;1;12.485739943645513;0;12.485739943645513;12.485739943645513
693;34.50;10.50;True;False;False;False;1091;36.50;19.50;True;False;False;False;1;15.034798834780759;0;15.034798834780759;15.034798834780759
694;35.50;10.50;True;False;False;False;28;61.50;9.50;False;False;True;False;2;132.16664787144782;869.3300375899943;111.31802636318025;153.0152693797154
694;35.50;10.50;True;False;False;False;44;61.50;15.50;False;False;True;False;1;106.38880229037022;0;106.38880229037022;106.38880229037022
694;35.50;10.50;True;False;False;False;60;61.50;21.50;False;False;True;False;1;72.01747161100866;0;72.01747161100866;72.01747161100866
694;35.50;10.50;True;False;False;False;744;41.50;11.50;True;False;False;False;1;11.408397530649381;0;11.408397530649381;11.408397530649381
694;35.50;10.50;True;False;False;False;821;30.50;13.50;True;False;False;False;1;12.264550230373061;0;12.264550230373061;12.264550230373061
694;35.50;10.50;True;False;False;False;822;31.50;13.50;True;False;False;False;1;11.416890233125741;0;11.416890233125741;11.416890233125741
694;35.50;10.50;True;False;False;False;849;14.50;14.50;True;False;False;False;1;24.01148227856902;0;24.01148227856902;24.01148227856902
695;36.50;10.50;True;False;False;False;28;61.50;9.50;False;False;True;False;2;109.12041406501339;1340.1102337767295;83.23499120023553;135.00583692979126
695;36.50;10.50;True;False;False;False;821;30.50;13.50;True;False;False;False;2;14.976490274902062;1.0981896346135749;14.235480951541831;15.717499598262293
695;36.50;10.50;True;False;False;False;864;29.50;14.50;True;False;False;False;1;16.512878762112678;0;16.512878762112678;16.512878762112678
696;37.50;10.50;True;False;False;False;12;61.50;3.50;False;False;True;False;12;103.27838311581264;388.9901247193789;81.74499999999352;153.35055155737427
696;37.50;10.50;True;False;False;False;28;61.50;9.50;False;False;True;False;1;92.68585531381177;0;92.68585531381177;92.68585531381177
696;37.50;10.50;True;False;False;False;44;61.50;15.50;False;False;True;False;1;65.58424247578296;0;65.58424247578296;65.58424247578296
696;37.50;10.50;True;False;False;False;573;46.50;7.50;True;False;False;False;1;15.642784970697903;0;15.642784970697903;15.642784970697903
696;37.50;10.50;True;False;False;False;610;39.50;8.50;True;False;False;False;1;9.293333333334886;0;9.293333333334886;9.293333333334886
696;37.50;10.50;True;False;False;False;701;42.50;10.50;True;False;False;False;1;7.507177495928772;0;7.507177495928772;7.507177495928772
696;37.50;10.50;True;False;False;False;723;20.50;11.50;True;False;False;False;1;18.204819610095;0;18.204819610095;18.204819610095
696;37.50;10.50;True;False;False;False;733;30.50;11.50;True;False;False;False;2;11.555450180847401;0.2765279900579663;11.183611512835341;11.927288848859462
696;37.50;10.50;True;False;False;False;803;12.50;13.50;True;False;False;False;1;25.143982680303452;0;25.143982680303452;25.143982680303452
696;37.50;10.50;True;False;False;False;822;31.50;13.50;True;False;False;False;2;14.776228631670165;5.625989570356184;13.099030138593662;16.453427124746668
696;37.50;10.50;True;False;False;False;825;34.50;13.50;True;False;False;False;1;10.675367972726235;0;10.675367972726235;10.675367972726235
696;37.50;10.50;True;False;False;False;864;29.50;14.50;True;False;False;False;2;20.776028642977963;11.436510578120647;18.384741272321662;23.167316013634263
696;37.50;10.50;True;False;False;False;871;36.50;14.50;True;False;False;False;1;10.328239541920993;0;10.328239541920993;10.328239541920993
696;37.50;10.50;True;False;False;False;1257;26.50;23.50;True;False;False;False;1;23.162503596460965;0;23.162503596460965;23.162503596460965
698;39.50;10.50;True;False;False;False;12;61.50;3.50;False;False;True;False;5;124.64980042644584;568.1333598104362;105.76685505293608;166.1133317264257
698;39.50;10.50;True;False;False;False;28;61.50;9.50;False;False;True;False;1;107.38303757326139;0;107.38303757326139;107.38303757326139
698;39.50;10.50;True;False;False;False;44;61.50;15.50;False;False;True;False;1;105.51584412271313;0;105.51584412271313;105.51584412271313
698;39.50;10.50;True;False;False;False;92;0.50;12.50;False;True;False;False;2;281.89003823318035;46.14416314460108;277.08669756523886;286.69337890112183
698;39.50;10.50;True;False;False;False;124;0.50;24.50;False;True;False;False;1;594.9383871620266;0;594.9383871620266;594.9383871620266
698;39.50;10.50;True;False;False;False;478;39.50;5.50;True;False;False;False;1;6.510464155424415;0;6.510464155424415;6.510464155424415
698;39.50;10.50;True;False;False;False;541;14.50;7.50;True;False;False;False;1;26.240003194733617;0;26.240003194733617;26.240003194733617
698;39.50;10.50;True;False;False;False;569;42.50;7.50;True;False;False;False;1;11.359271247447396;0;11.359271247447396;11.359271247447396
698;39.50;10.50;True;False;False;False;733;30.50;11.50;True;False;False;False;1;16.95555555554529;0;16.95555555554529;16.95555555554529
698;39.50;10.50;True;False;False;False;821;30.50;13.50;True;False;False;False;2;15.725782037706267;0.2772963624216806;15.353427124739028;16.098136950673506
698;39.50;10.50;True;False;False;False;823;32.50;13.50;True;False;False;False;1;13.747802022608084;0;13.747802022608084;13.747802022608084
698;39.50;10.50;True;False;False;False;837;46.50;13.50;True;False;False;False;1;13.777694374013663;0;13.777694374013663;13.777694374013663
698;39.50;10.50;True;False;False;False;838;47.50;13.50;True;False;False;False;1;13.669444444443798;0;13.669444444443798;13.669444444443798
698;39.50;10.50;True;False;False;False;864;29.50;14.50;True;False;False;False;1;16.279336267207327;0;16.279336267207327;16.279336267207327
699;40.50;10.50;True;False;False;False;12;61.50;3.50;False;False;True;False;1;112.56149346968414;0;112.56149346968414;112.56149346968414
699;40.50;10.50;True;False;False;False;28;61.50;9.50;False;False;True;False;2;142.00942711428797;1689.5126997497737;112.94473461849702;171.07411961007892
699;40.50;10.50;True;False;False;False;44;61.50;15.50;False;False;True;False;1;107.61389369052267;0;107.61389369052267;107.61389369052267
699;40.50;10.50;True;False;False;False;574;47.50;7.50;True;False;False;False;1;30.088146553956904;0;30.088146553956904;30.088146553956904
699;40.50;10.50;True;False;False;False;578;51.50;7.50;True;False;False;False;1;16.65158406636874;0;16.65158406636874;16.65158406636874
699;40.50;10.50;True;False;False;False;820;29.50;13.50;True;False;False;False;1;16.295512417193095;0;16.295512417193095;16.295512417193095
699;40.50;10.50;True;False;False;False;1016;49.50;17.50;True;False;False;False;1;18.377313622360816;0;18.377313622360816;18.377313622360816
700;41.50;10.50;True;False;False;False;12;61.50;3.50;False;False;True;False;3;136.29593098266741;5656.812257163944;80.1810093233562;221.7567796264666
700;41.50;10.50;True;False;False;False;108;0.50;18.50;False;True;False;False;1;594.7493098678569;0;594.7493098678569;594.7493098678569
700;41.50;10.50;True;False;False;False;694;35.50;10.50;True;False;False;False;1;7.566569680520843;0;7.566569680520843;7.566569680520843
700;41.50;10.50;True;False;False;False;733;30.50;11.50;True;False;False;False;1;32.664360237220535;0;32.664360237220535;32.664360237220535
700;41.50;10.50;True;False;False;False;822;31.50;13.50;True;False;False;False;1;15.846038095023687;0;15.846038095023687;15.846038095023687
700;41.50;10.50;True;False;False;False;1410;47.50;26.50;True;False;False;False;1;25.08887610994134;0;25.08887610994134;25.08887610994134
701;42.50;10.50;True;False;False;False;12;61.50;3.50;False;False;True;False;5;88.56008825069621;1019.5896275380453;42.461114305840965;122.90456086355698
701;42.50;10.50;True;False;False;False;28;61.50;9.50;False;False;True;False;2;129.6158325394117;3583.532311395698;87.28657367869164;171.9450914001318
701;42.50;10.50;True;False;False;False;44;61.50;15.50;False;False;True;False;5;98.06193077791863;423.4987907272472;79.28482360828275;127.32149214635137
701;42.50;10.50;True;False;False;False;60;61.50;21.50;False;False;True;False;2;114.75247041534021;4726.902796305824;66.13712923425919;163.36781159642123
701;42.50;10.50;True;False;False;False;108;0.50;18.50;False;True;False;False;1;565.6203807706788;0;565.6203807706788;565.6203807706788
701;42.50;10.50;True;False;False;False;124;0.50;24.50;False;True;False;False;1;571.0798244116813;0;571.0798244116813;571.0798244116813
701;42.50;10.50;True;False;False;False;274;11.50;1.50;True;False;False;False;1;33.9088920836075;0;33.9088920836075;33.9088920836075
701;42.50;10.50;True;False;False;False;488;49.50;5.50;True;False;False;False;1;15.954628832532762;0;15.954628832532762;15.954628832532762
701;42.50;10.50;True;False;False;False;489;50.50;5.50;True;False;False;False;1;16.912405806862807;0;16.912405806862807;16.912405806862807
701;42.50;10.50;True;False;False;False;544;17.50;7.50;True;False;False;False;1;26.12629469575768;0;26.12629469575768;26.12629469575768
701;42.50;10.50;True;False;False;False;734;31.50;11.50;True;False;False;False;1;14.427683986363263;0;14.427683986363263;14.427683986363263
701;42.50;10.50;True;False;False;False;745;42.50;11.50;True;False;False;False;1;2.8284271247466677;0;2.8284271247466677;2.8284271247466677
701;42.50;10.50;True;False;False;False;749;46.50;11.50;True;False;False;False;1;9.66666666666606;0;9.66666666666606;9.66666666666606
701;42.50;10.50;True;False;False;False;750;47.50;11.50;True;False;False;False;1;10.731111111106657;0;10.731111111106657;10.731111111106657
701;42.50;10.50;True;False;False;False;822;31.50;13.50;True;False;False;False;1;16.192223025673684;0;16.192223025673684;16.192223025673684
701;42.50;10.50;True;False;False;False;823;32.50;13.50;True;False;False;False;2;8.564814416274203;89.29189906803092;1.883051959106524;15.246576873441882
701;42.50;10.50;True;False;False;False;841;50.50;13.50;True;False;False;False;1;14.733982680303598;0;14.733982680303598;14.733982680303598
701;42.50;10.50;True;False;False;False;866;31.50;14.50;True;False;False;False;1;17.795090596677255;0;17.795090596677255;17.795090596677255
701;42.50;10.50;True;False;False;False;867;32.50;14.50;True;False;False;False;1;16.49332614041191;0;16.49332614041191;16.49332614041191
701;42.50;10.50;True;False;False;False;884;49.50;14.50;True;False;False;False;1;16.5402677918446;0;16.5402677918446;16.5402677918446
701;42.50;10.50;True;False;False;False;1334;15.50;25.50;True;False;False;False;1;35.24962644124753;0;35.24962644124753;35.24962644124753
703;44.50;10.50;True;False;False;False;12;61.50;3.50;False;False;True;False;1;78.98823236799944;0;78.98823236799944;78.98823236799944
703;44.50;10.50;True;False;False;False;28;61.50;9.50;False;False;True;False;7;89.05491673366974;199.66690995351902;67.64814655396185;108.90415859076347
703;44.50;10.50;True;False;False;False;44;61.50;15.50;False;False;True;False;1;111.57419664350346;0;111.57419664350346;111.57419664350346
703;44.50;10.50;True;False;False;False;60;61.50;21.50;False;False;True;False;1;94.21833252988239;0;94.21833252988239;94.21833252988239
703;44.50;10.50;True;False;False;False;339;32.50;2.50;True;False;False;False;1;20.379906208585453;0;20.379906208585453;20.379906208585453
703;44.50;10.50;True;False;False;False;569;42.50;7.50;True;False;False;False;1;10.794188324949573;0;10.794188324949573;10.794188324949573
703;44.50;10.50;True;False;False;False;698;39.50;10.50;True;False;False;False;1;8.520093791416002;0;8.520093791416002;8.520093791416002
703;44.50;10.50;True;False;False;False;820;29.50;13.50;True;False;False;False;2;22.40684865394087;6.349352044441715;20.625086598496637;24.188610709385102
703;44.50;10.50;True;False;False;False;821;30.50;13.50;True;False;False;False;2;21.845215067510708;29.882564084411527;17.979819610095547;25.71061052492587
703;44.50;10.50;True;False;False;False;822;31.50;13.50;True;False;False;False;1;17.993135381861066;0;17.993135381861066;17.993135381861066
703;44.50;10.50;True;False;False;False;840;49.50;13.50;True;False;False;False;1;12.072215029300594;0;12.072215029300594;12.072215029300594
703;44.50;10.50;True;False;False;False;866;31.50;14.50;True;False;False;False;1;19.65147908383733;0;19.65147908383733;19.65147908383733
704;45.50;10.50;True;False;False;False;28;61.50;9.50;False;False;True;False;2;140.11265028084927;0.649293729374998;139.54287237263634;140.6824281890622
704;45.50;10.50;True;False;False;False;44;61.50;15.50;False;False;True;False;2;106.17868266119967;2.4058488012627723;105.08190355826628;107.27546176413307
704;45.50;10.50;True;False;False;False;578;51.50;7.50;True;False;False;False;1;13.542316013634263;0;13.542316013634263;13.542316013634263
704;45.50;10.50;True;False;False;False;821;30.50;13.50;True;False;False;False;1;23.300357585081656;0;23.300357585081656;23.300357585081656
704;45.50;10.50;True;False;False;False;822;31.50;13.50;True;False;False;False;2;18.281010126771434;0.4627414841147428;17.799999999999272;18.762020253543596
705;46.50;10.50;True;False;False;False;12;61.50;3.50;False;False;True;False;1;159.84030484334107;0;159.84030484334107;159.84030484334107
705;46.50;10.50;True;False;False;False;28;61.50;9.50;False;False;True;False;5;111.88392997828096;2164.7473459956886;82.05124354196232;193.41146469800515
705;46.50;10.50;True;False;False;False;60;61.50;21.50;False;False;True;False;1;86.43836767195171;0;86.43836767195171;86.43836767195171
705;46.50;10.50;True;False;False;False;564;37.50;7.50;True;False;False;False;1;14.888898473094741;0;14.888898473094741;14.888898473094741
705;46.50;10.50;True;False;False;False;733;30.50;11.50;True;False;False;False;1;25.338521719609616;0;25.338521719609616;25.338521719609616
705;46.50;10.50;True;False;False;False;820;29.50;13.50;True;False;False;False;1;33.06463202727036;0;33.06463202727036;33.06463202727036
705;46.50;10.50;True;False;False;False;822;31.50;13.50;True;False;False;False;1;19.698711693723453;0;19.698711693723453;19.698711693723453
705;46.50;10.50;True;False;False;False;864;29.50;14.50;True;False;False;False;2;21.47123846631075;0.8644635664590581;20.813795097472394;22.12868183514911
705;46.50;10.50;True;False;False;False;869;34.50;14.50;True;False;False;False;1;17.38657606999186;0;17.38657606999186;17.38657606999186
705;46.50;10.50;True;False;False;False;874;39.50;14.50;True;False;False;False;1;14.268542494894064;0;14.268542494894064;14.268542494894064
706;47.50;10.50;True;False;False;False;12;61.50;3.50;False;False;True;False;11;107.2154582196007;252.6942278393832;82.81723341333418;127.8314028729801
706;47.50;10.50;True;False;False;False;28;61.50;9.50;False;False;True;False;2;142.47213602545207;277.31010414330405;130.69694804089522;154.24732401000892
706;47.50;10.50;True;False;False;False;44;61.50;15.50;False;False;True;False;2;82.32778137423156;562.7763179833885;65.5531529434229;99.10240980504022
706;47.50;10.50;True;False;False;False;60;61.50;21.50;False;False;True;False;1;123.44055316427193;0;123.44055316427193;123.44055316427193
706;47.50;10.50;True;False;False;False;76;0.50;6.50;False;True;False;False;2;571.7689978790977;477.1068488547223;556.3238230847692;587.2141726734262
706;47.50;10.50;True;False;False;False;92;0.50;12.50;False;True;False;False;1;189.62513005865185;0;189.62513005865185;189.62513005865185
706;47.50;10.50;True;False;False;False;354;47.50;2.50;True;False;False;False;1;12.973427124743466;0;12.973427124743466;12.973427124743466
706;47.50;10.50;True;False;False;False;567;40.50;7.50;True;False;False;False;1;13.690836929785291;0;13.690836929785291;13.690836929785291
706;47.50;10.50;True;False;False;False;613;42.50;8.50;True;False;False;False;1;11.341666666665333;0;11.341666666665333;11.341666666665333
706;47.50;10.50;True;False;False;False;711;52.50;10.50;True;False;False;False;1;7.257683986365009;0;7.257683986365009;7.257683986365009
706;47.50;10.50;True;False;False;False;733;30.50;11.50;True;False;False;False;2;22.448224404079156;26.976165528058367;18.775611878365453;26.12083692979286
706;47.50;10.50;True;False;False;False;820;29.50;13.50;True;False;False;False;1;20.746930460330077;0;20.746930460330077;20.746930460330077
706;47.50;10.50;True;False;False;False;821;30.50;13.50;True;False;False;False;4;20.041303410258593;0.10908381538824806;19.701757263343552;20.48592672302948
706;47.50;10.50;True;False;False;False;822;31.50;13.50;True;False;False;False;2;21.398522513522266;11.734305510957606;18.976301888666057;23.820743138378475
706;47.50;10.50;True;False;False;False;823;32.50;13.50;True;False;False;False;1;19.19231601363572;0;19.19231601363572;19.19231601363572
706;47.50;10.50;True;False;False;False;867;32.50;14.50;True;False;False;False;2;23.495746333118177;28.788669833074316;19.701759654631132;27.28973301160522
706;47.50;10.50;True;False;False;False;877;42.50;14.50;True;False;False;False;1;13.131095118373196;0;13.131095118373196;13.131095118373196
706;47.50;10.50;True;False;False;False;989;22.50;17.50;True;False;False;False;1;29.922219027477695;0;29.922219027477695;29.922219027477695
706;47.50;10.50;True;False;False;False;1371;52.50;25.50;True;False;False;False;1;24.13880229039205;0;24.13880229039205;24.13880229039205
708;49.50;10.50;True;False;False;False;12;61.50;3.50;False;False;True;False;8;131.19278004294034;1730.0471547722068;86.38230962413945;214.58677484391592
708;49.50;10.50;True;False;False;False;60;61.50;21.50;False;False;True;False;1;81.44174926703272;0;81.44174926703272;81.44174926703272
708;49.50;10.50;True;False;False;False;108;0.50;18.50;False;True;False;False;1;602.4742864367072;0;602.4742864367072;602.4742864367072
708;49.50;10.50;True;False;False;False;293;30.50;1.50;True;False;False;False;1;25.571587261114473;0;25.571587261114473;25.571587261114473
708;49.50;10.50;True;False;False;False;310;47.50;1.50;True;False;False;False;1;15.279947496484965;0;15.279947496484965;15.279947496484965
708;49.50;10.50;True;False;False;False;578;51.50;7.50;True;False;False;False;1;10.528802290395106;0;10.528802290395106;10.528802290395106
708;49.50;10.50;True;False;False;False;733;30.50;11.50;True;False;False;False;1;29.24443244993745;0;29.24443244993745;29.24443244993745
708;49.50;10.50;True;False;False;False;742;39.50;11.50;True;False;False;False;1;14.00054323884433;0;14.00054323884433;14.00054323884433
708;49.50;10.50;True;False;False;False;821;30.50;13.50;True;False;False;False;1;21.56991340150853;0;21.56991340150853;21.56991340150853
708;49.50;10.50;True;False;False;False;822;31.50;13.50;True;False;False;False;1;20.546944846169026;0;20.546944846169026;20.546944846169026
708;49.50;10.50;True;False;False;False;825;34.50;13.50;True;False;False;False;1;18.88953823585757;0;18.88953823585757;18.88953823585757
708;49.50;10.50;True;False;False;False;976;9.50;17.50;True;False;False;False;1;38.55602531606792;0;38.55602531606792;38.55602531606792
708;49.50;10.50;True;False;False;False;1409;46.50;26.50;True;False;False;False;1;20.359859052889078;0;20.359859052889078;20.359859052889078
709;50.50;10.50;True;False;False;False;12;61.50;3.50;False;False;True;False;3;94.8430570221911;681.3707786034765;75.01565254170237;124.417031444651
709;50.50;10.50;True;False;False;False;28;61.50;9.50;False;False;True;False;1;92.21540630955496;0;92.21540630955496;92.21540630955496
709;50.50;10.50;True;False;False;False;44;61.50;15.50;False;False;True;False;2;87.12307660983151;2013.1839401750583;55.396243012897685;118.84991020676534
709;50.50;10.50;True;False;False;False;324;17.50;2.50;True;False;False;False;1;34.576854249482494;0;34.576854249482494;34.576854249482494
709;50.50;10.50;True;False;False;False;734;31.50;11.50;True;False;False;False;1;19.340461764142674;0;19.340461764142674;19.340461764142674
709;50.50;10.50;True;False;False;False;820;29.50;13.50;True;False;False;False;1;29.829999999999927;0;29.829999999999927;29.829999999999927
709;50.50;10.50;True;False;False;False;822;31.50;13.50;True;False;False;False;1;31.1138888888745;0;31.1138888888745;31.1138888888745
709;50.50;10.50;True;False;False;False;866;31.50;14.50;True;False;False;False;1;22.090565943201;0;22.090565943201;22.090565943201
709;50.50;10.50;True;False;False;False;867;32.50;14.50;True;False;False;False;1;21.616073577726638;0;21.616073577726638;21.616073577726638
709;50.50;10.50;True;False;False;False;994;27.50;17.50;True;False;False;False;1;26.969444444444463;0;26.969444444444463;26.969444444444463
710;51.50;10.50;True;False;False;False;12;61.50;3.50;False;False;True;False;2;124.89135998499864;2606.8933137632284;88.78808233764903;160.99463763234826
710;51.50;10.50;True;False;False;False;28;61.50;9.50;False;False;True;False;1;20.255555555555556;0;20.255555555555556;20.255555555555556
710;51.50;10.50;True;False;False;False;820;29.50;13.50;True;False;False;False;1;32.96073594546078;0;32.96073594546078;32.96073594546078
710;51.50;10.50;True;False;False;False;963;40.50;16.50;True;False;False;False;1;18.491368496310315;0;18.491368496310315;18.491368496310315
710;51.50;10.50;True;False;False;False;1106;51.50;19.50;True;False;False;False;1;9.825000000000088;0;9.825000000000088;9.825000000000088
711;52.50;10.50;True;False;False;False;12;61.50;3.50;False;False;True;False;9;107.27271551800875;556.1908179406059;85.8436210970433;158.01352810907338
711;52.50;10.50;True;False;False;False;28;61.50;9.50;False;False;True;False;11;80.55742620412721;471.9821933264139;23.5161143058358;97.4839826802945
711;52.50;10.50;True;False;False;False;44;61.50;15.50;False;False;True;False;3;121.87470174779992;1546.9559658284948;76.8509419123111;149.54427044402473
711;52.50;10.50;True;False;False;False;60;61.50;21.50;False;False;True;False;2;126.73122221364247;173.4595306472077;117.41834052623744;136.0441039010475
711;52.50;10.50;True;False;False;False;440;45.50;4.50;True;False;False;False;1;16.07968746279039;0;16.07968746279039;16.07968746279039
711;52.50;10.50;True;False;False;False;489;50.50;5.50;True;False;False;False;1;12.807496403529512;0;12.807496403529512;12.807496403529512
711;52.50;10.50;True;False;False;False;571;44.50;7.50;True;False;False;False;1;13.936317326528297;0;13.936317326528297;13.936317326528297
711;52.50;10.50;True;False;False;False;675;16.50;10.50;True;False;False;False;1;28.435743941816327;0;28.435743941816327;28.435743941816327
711;52.50;10.50;True;False;False;False;733;30.50;11.50;True;False;False;False;2;38.058645601053286;547.2008280693053;21.517774583036953;54.59951661906962
711;52.50;10.50;True;False;False;False;734;31.50;11.50;True;False;False;False;1;23.515093791407708;0;23.515093791407708;23.515093791407708
711;52.50;10.50;True;False;False;False;749;46.50;11.50;True;False;False;False;1;10.672687181104266;0;10.672687181104266;10.672687181104266
711;52.50;10.50;True;False;False;False;820;29.50;13.50;True;False;False;False;4;31.333031826394517;67.41374048315204;24.299072473524575;40.475451054724545
711;52.50;10.50;True;False;False;False;821;30.50;13.50;True;False;False;False;4;24.637880420813644;3.245527609317757;23.533338919376547;27.316851054756626
711;52.50;10.50;True;False;False;False;822;31.50;13.50;True;False;False;False;1;23.202302932185376;0;23.202302932185376;23.202302932185376
711;52.50;10.50;True;False;False;False;823;32.50;13.50;True;False;False;False;4;24.053676107033482;11.358595279627428;21.89568153960522;29.08262720841958
711;52.50;10.50;True;False;False;False;854;19.50;14.50;True;False;False;False;1;31.765280570782124;0;31.765280570782124;31.765280570782124
711;52.50;10.50;True;False;False;False;864;29.50;14.50;True;False;False;False;1;30.136392485346732;0;30.136392485346732;30.136392485346732
711;52.50;10.50;True;False;False;False;867;32.50;14.50;True;False;False;False;1;22.56669091149888;0;22.56669091149888;22.56669091149888
711;52.50;10.50;True;False;False;False;1019;52.50;17.50;True;False;False;False;1;7.976851054758299;0;7.976851054758299;7.976851054758299
714;11.50;11.50;True;False;False;False;44;61.50;15.50;False;False;True;False;1;90.59602131786596;0;90.59602131786596;90.59602131786596
714;11.50;11.50;True;False;False;False;1014;47.50;17.50;True;False;False;False;1;37.3861183040317;0;37.3861183040317;37.3861183040317
718;15.50;11.50;True;False;False;False;28;61.50;9.50;False;False;True;False;1;63.58593789511724;0;63.58593789511724;63.58593789511724
718;15.50;11.50;True;False;False;False;1237;50.50;22.50;True;False;False;False;1;37.980829736869055;0;37.980829736869055;37.980829736869055
719;16.50;11.50;True;False;False;False;28;61.50;9.50;False;False;True;False;1;107.88037436218292;0;107.88037436218292;107.88037436218292
719;16.50;11.50;True;False;False;False;750;47.50;11.50;True;False;False;False;1;24.430833735059423;0;24.430833735059423;24.430833735059423
720;17.50;11.50;True;False;False;False;12;61.50;3.50;False;False;True;False;1;113.33796855534638;0;113.33796855534638;113.33796855534638
720;17.50;11.50;True;False;False;False;28;61.50;9.50;False;False;True;False;1;88.04282097328905;0;88.04282097328905;88.04282097328905
720;17.50;11.50;True;False;False;False;601;30.50;8.50;True;False;False;False;1;17.612306145869297;0;17.612306145869297;17.612306145869297
720;17.50;11.50;True;False;False;False;1090;35.50;19.50;True;False;False;False;1;37.99454782005705;0;37.99454782005705;37.99454782005705
722;19.50;11.50;True;False;False;False;12;61.50;3.50;False;False;True;False;1;100.24297016223863;0;100.24297016223863;100.24297016223863
722;19.50;11.50;True;False;False;False;28;61.50;9.50;False;False;True;False;1;114.82778177595537;0;114.82778177595537;114.82778177595537
722;19.50;11.50;True;False;False;False;44;61.50;15.50;False;False;True;False;4;146.46474866871267;2141.112019224377;102.76194484616099;210.83444524788138
722;19.50;11.50;True;False;False;False;554;27.50;7.50;True;False;False;False;2;15.366226490744339;0.03636257441823664;15.231388487165532;15.501064494323145
722;19.50;11.50;True;False;False;False;598;27.50;8.50;True;False;False;False;1;14.444444444437977;0;14.444444444437977;14.444444444437977
722;19.50;11.50;True;False;False;False;689;30.50;10.50;True;False;False;False;1;14.843520916158013;0;14.843520916158013;14.843520916158013
722;19.50;11.50;True;False;False;False;1018;51.50;17.50;True;False;False;False;1;32.1555614251447;0;32.1555614251447;32.1555614251447
722;19.50;11.50;True;False;False;False;1351;32.50;25.50;True;False;False;False;1;26.913888888888323;0;26.913888888888323;26.913888888888323
723;20.50;11.50;True;False;False;False;28;61.50;9.50;False;False;True;False;2;113.32666547100234;2689.7854352663;76.65388649758461;149.99944444442008
723;20.50;11.50;True;False;False;False;44;61.50;15.50;False;False;True;False;2;94.45380535294134;498.7889606974876;78.66157687344094;110.24603383244175
723;20.50;11.50;True;False;False;False;486;47.50;5.50;True;False;False;False;1;28.550909142439195;0;28.550909142439195;28.550909142439195
723;20.50;11.50;True;False;False;False;491;52.50;5.50;True;False;False;False;1;32.066955233825865;0;32.066955233825865;32.066955233825865
723;20.50;11.50;True;False;False;False;740;37.50;11.50;True;False;False;False;1;14.875076210842053;0;14.875076210842053;14.875076210842053
723;20.50;11.50;True;False;False;False;755;52.50;11.50;True;False;False;False;1;24.46013188457073;0;24.46013188457073;24.46013188457073
724;21.50;11.50;True;False;False;False;12;61.50;3.50;False;False;True;False;1;66.32583373505986;0;66.32583373505986;66.32583373505986
724;21.50;11.50;True;False;False;False;28;61.50;9.50;False;False;True;False;4;95.81711450329635;296.8331580872836;72.17064934695372;112.57510737377925
724;21.50;11.50;True;False;False;False;44;61.50;15.50;False;False;True;False;2;111.03901985003176;503.1284503064568;95.17824354011464;126.89979615994889
724;21.50;11.50;True;False;False;False;60;61.50;21.50;False;False;True;False;2;130.40141499978927;576.948254297413;113.41688889074794;147.3859411088306
724;21.50;11.50;True;False;False;False;427;32.50;4.50;True;False;False;False;1;19.281569680521898;0;19.281569680521898;19.281569680521898
724;21.50;11.50;True;False;False;False;463;24.50;5.50;True;False;False;False;1;13.084725818680454;0;13.084725818680454;13.084725818680454
724;21.50;11.50;True;False;False;False;561;34.50;7.50;True;False;False;False;1;18.158333333334667;0;18.158333333334667;18.158333333334667
724;21.50;11.50;True;False;False;False;706;47.50;10.50;True;False;False;False;1;23.904639220199897;0;23.904639220199897;23.904639220199897
724;21.50;11.50;True;False;False;False;882;47.50;14.50;True;False;False;False;1;26.226031705533842;0;26.226031705533842;26.226031705533842
724;21.50;11.50;True;False;False;False;886;51.50;14.50;True;False;False;False;1;31.358333333335395;0;31.358333333335395;31.358333333335395
724;21.50;11.50;True;False;False;False;975;52.50;16.50;True;False;False;False;1;37.51629710611087;0;37.51629710611087;37.51629710611087
724;21.50;11.50;True;False;False;False;1227;40.50;22.50;True;False;False;False;1;27.068277084452347;0;27.068277084452347;27.068277084452347
724;21.50;11.50;True;False;False;False;1280;49.50;23.50;True;False;False;False;1;52.886291501017695;0;52.886291501017695;52.886291501017695
725;22.50;11.50;True;False;False;False;28;61.50;9.50;False;False;True;False;1;120.08788195685338;0;120.08788195685338;120.08788195685338
727;24.50;11.50;True;False;False;False;28;61.50;9.50;False;False;True;False;3;103.44969178524632;414.21189710576766;85.94777402483578;125.78277322183567
727;24.50;11.50;True;False;False;False;60;61.50;21.50;False;False;True;False;1;91.98649346968159;0;91.98649346968159;91.98649346968159
727;24.50;11.50;True;False;False;False;608;37.50;8.50;True;False;False;False;1;17.452956296263437;0;17.452956296263437;17.452956296263437
727;24.50;11.50;True;False;False;False;698;39.50;10.50;True;False;False;False;1;16.847222222220807;0;16.847222222220807;16.847222222220807
727;24.50;11.50;True;False;False;False;823;32.50;13.50;True;False;False;False;1;13.635461764140928;0;13.635461764140928;13.635461764140928
728;25.50;11.50;True;False;False;False;28;61.50;9.50;False;False;True;False;3;97.12858504430945;579.9541037783583;69.98676765099935;115.93833094205365
728;25.50;11.50;True;False;False;False;60;61.50;21.50;False;False;True;False;2;75.17866493025303;687.0706097566746;56.6439595137017;93.71337034680437
728;25.50;11.50;True;False;False;False;698;39.50;10.50;True;False;False;False;1;16.360048223610647;0;16.360048223610647;16.360048223610647
728;25.50;11.50;True;False;False;False;840;49.50;13.50;True;False;False;False;1;24.136605890540523;0;24.136605890540523;24.136605890540523
728;25.50;11.50;True;False;False;False;1019;52.50;17.50;True;False;False;False;1;28.44861151283567;0;28.44861151283567;28.44861151283567
728;25.50;11.50;True;False;False;False;1139;40.50;20.50;True;False;False;False;1;23.279256861621434;0;23.279256861621434;23.279256861621434
729;26.50;11.50;True;False;False;False;28;61.50;9.50;False;False;True;False;2;113.07749960779256;173.62117040036367;103.76027978639831;122.39471942918681
729;26.50;11.50;True;False;False;False;44;61.50;15.50;False;False;True;False;2;118.29639407320474;1595.612760884871;90.05092752647488;146.5418606199346
729;26.50;11.50;True;False;False;False;833;42.50;13.50;True;False;False;False;1;36.53510687286598;0;36.53510687286598;36.53510687286598
729;26.50;11.50;True;False;False;False;875;40.50;14.50;True;False;False;False;1;19.717405806870374;0;19.717405806870374;19.717405806870374
729;26.50;11.50;True;False;False;False;879;44.50;14.50;True;False;False;False;1;21.808982680303416;0;21.808982680303416;21.808982680303416
729;26.50;11.50;True;False;False;False;884;49.50;14.50;True;False;False;False;1;28.085180389904053;0;28.085180389904053;28.085180389904053
729;26.50;11.50;True;False;False;False;1095;40.50;19.50;True;False;False;False;1;24.261482278576338;0;24.261482278576338;24.261482278576338
730;27.50;11.50;True;False;False;False;28;61.50;9.50;False;False;True;False;1;112.71388569415649;0;112.71388569415649;112.71388569415649
730;27.50;11.50;True;False;False;False;44;61.50;15.50;False;False;True;False;1;148.4929693587908;0;148.4929693587908;148.4929693587908
730;27.50;11.50;True;False;False;False;884;49.50;14.50;True;False;False;False;1;23.299816415356872;0;23.299816415356872;23.299816415356872
732;29.50;11.50;True;False;False;False;12;61.50;3.50;False;False;True;False;1;227.02380948331484;0;227.02380948331484;227.02380948331484
732;29.50;11.50;True;False;False;False;300;37.50;1.50;True;False;False;False;1;19.970923528284402;0;19.970923528284402;19.970923528284402
732;29.50;11.50;True;False;False;False;349;42.50;2.50;True;False;False;False;1;28.306854249487515;0;28.306854249487515;28.306854249487515
732;29.50;11.50;True;False;False;False;474;35.50;5.50;True;False;False;False;1;15.77305195909139;0;15.77305195909139;15.77305195909139
732;29.50;11.50;True;False;False;False;483;44.50;5.50;True;False;False;False;1;36.41290228845901;0;36.41290228845901;36.41290228845901
732;29.50;11.50;True;False;False;False;563;36.50;7.50;True;False;False;False;1;16.98279055668536;0;16.98279055668536;16.98279055668536
732;29.50;11.50;True;False;False;False;571;44.50;7.50;True;False;False;False;1;21.120516093666083;0;21.120516093666083;21.120516093666083
732;29.50;11.50;True;False;False;False;574;47.50;7.50;True;False;False;False;1;32.83278497069114;0;32.83278497069114;32.83278497069114
732;29.50;11.50;True;False;False;False;601;30.50;8.50;True;False;False;False;1;9.578805485132762;0;9.578805485132762;9.578805485132762
732;29.50;11.50;True;False;False;False;615;44.50;8.50;True;False;False;False;1;19.74694404271213;0;19.74694404271213;19.74694404271213
732;29.50;11.50;True;False;False;False;620;49.50;8.50;True;False;False;False;1;23.254350653030997;0;23.254350653030997;23.254350653030997
732;29.50;11.50;True;False;False;False;623;52.50;8.50;True;False;False;False;1;25.240555555545143;0;25.240555555545143;25.240555555545143
732;29.50;11.50;True;False;False;False;669;10.50;10.50;True;False;False;False;1;20.375555555554456;0;20.375555555554456;20.375555555554456
732;29.50;11.50;True;False;False;False;685;26.50;10.50;True;False;False;False;1;10.422032248108735;0;10.422032248108735;10.422032248108735
732;29.50;11.50;True;False;False;False;711;52.50;10.50;True;False;False;False;1;32.21712843080968;0;32.21712843080968;32.21712843080968
732;29.50;11.50;True;False;False;False;722;19.50;11.50;True;False;False;False;1;10.43240980504197;0;10.43240980504197;10.43240980504197
732;29.50;11.50;True;False;False;False;745;42.50;11.50;True;False;False;False;1;13.011359715506842;0;13.011359715506842;13.011359715506842
732;29.50;11.50;True;False;False;False;748;45.50;11.50;True;False;False;False;1;40.083441510581906;0;40.083441510581906;40.083441510581906
732;29.50;11.50;True;False;False;False;749;46.50;11.50;True;False;False;False;1;45.7485145266819;0;45.7485145266819;45.7485145266819
732;29.50;11.50;True;False;False;False;750;47.50;11.50;True;False;False;False;1;16.035649346955324;0;16.035649346955324;16.035649346955324
732;29.50;11.50;True;False;False;False;810;19.50;13.50;True;False;False;False;1;15.757125236086722;0;15.757125236086722;15.757125236086722
732;29.50;11.50;True;False;False;False;813;22.50;13.50;True;False;False;False;1;12.551522524789107;0;12.551522524789107;12.551522524789107
732;29.50;11.50;True;False;False;False;816;25.50;13.50;True;False;False;False;1;11.31768611312873;0;11.31768611312873;11.31768611312873
732;29.50;11.50;True;False;False;False;820;29.50;13.50;True;False;False;False;1;5.4644444444420515;0;5.4644444444420515;5.4644444444420515
732;29.50;11.50;True;False;False;False;831;40.50;13.50;True;False;False;False;1;16.558333333330665;0;16.558333333330665;16.558333333330665
732;29.50;11.50;True;False;False;False;836;45.50;13.50;True;False;False;False;1;25.225555555549363;0;25.225555555549363;25.225555555549363
732;29.50;11.50;True;False;False;False;872;37.50;14.50;True;False;False;False;1;14.520836929794314;0;14.520836929794314;14.520836929794314
732;29.50;11.50;True;False;False;False;874;39.50;14.50;True;False;False;False;1;16.309497128924704;0;16.309497128924704;16.309497128924704
732;29.50;11.50;True;False;False;False;885;50.50;14.50;True;False;False;False;1;22.55509379140676;0;22.55509379140676;22.55509379140676
732;29.50;11.50;True;False;False;False;964;41.50;16.50;True;False;False;False;1;25.195093791415275;0;25.195093791415275;25.195093791415275
732;29.50;11.50;True;False;False;False;983;16.50;17.50;True;False;False;False;1;19.695093791415275;0;19.695093791415275;19.695093791415275
732;29.50;11.50;True;False;False;False;1004;37.50;17.50;True;False;False;False;1;18.84444444444125;0;18.84444444444125;18.84444444444125
732;29.50;11.50;True;False;False;False;1006;39.50;17.50;True;False;False;False;1;34.160375165647565;0;34.160375165647565;34.160375165647565
732;29.50;11.50;True;False;False;False;1007;40.50;17.50;True;False;False;False;1;18.436024512626318;0;18.436024512626318;18.436024512626318
732;29.50;11.50;True;False;False;False;1016;49.50;17.50;True;False;False;False;1;27.12685424949086;0;27.12685424949086;27.12685424949086
732;29.50;11.50;True;False;False;False;1018;51.50;17.50;True;False;False;False;1;28.825464958874363;0;28.825464958874363;28.825464958874363
732;29.50;11.50;True;False;False;False;1351;32.50;25.50;True;False;False;False;1;17.919076471720473;0;17.919076471720473;17.919076471720473
732;29.50;11.50;True;False;False;False;1365;46.50;25.50;True;False;False;False;1;27.909740204508125;0;27.909740204508125;27.909740204508125
733;30.50;11.50;True;False;False;False;274;11.50;1.50;True;False;False;False;1;26.503775910052354;0;26.503775910052354;26.503775910052354
733;30.50;11.50;True;False;False;False;292;29.50;1.50;True;False;False;False;1;17.440800965207018;0;17.440800965207018;17.440800965207018
733;30.50;11.50;True;False;False;False;326;19.50;2.50;True;False;False;False;1;20.907219027481915;0;20.907219027481915;20.907219027481915
733;30.50;11.50;True;False;False;False;353;46.50;2.50;True;False;False;False;1;24.439812417171197;0;24.439812417171197;24.439812417171197
733;30.50;11.50;True;False;False;False;430;35.50;4.50;True;False;False;False;1;15.737960520968045;0;15.737960520968045;15.737960520968045
733;30.50;11.50;True;False;False;False;441;46.50;4.50;True;False;False;False;1;22.7938638318592;0;22.7938638318592;22.7938638318592
733;30.50;11.50;True;False;False;False;447;52.50;4.50;True;False;False;False;1;30.358888888880756;0;30.358888888880756;30.358888888880756
733;30.50;11.50;True;False;False;False;451;12.50;5.50;True;False;False;False;1;23.271483082025952;0;23.271483082025952;23.271483082025952
733;30.50;11.50;True;False;False;False;474;35.50;5.50;True;False;False;False;1;15.356111111104838;0;15.356111111104838;15.356111111104838
733;30.50;11.50;True;False;False;False;476;37.50;5.50;True;False;False;False;1;15.928908879719529;0;15.928908879719529;15.928908879719529
733;30.50;11.50;True;False;False;False;479;40.50;5.50;True;False;False;False;2;17.97499361053451;0.052030414956881516;17.8137013060732;18.136285914995824
733;30.50;11.50;True;False;False;False;480;41.50;5.50;True;False;False;False;1;30.16981961009151;0;30.16981961009151;30.16981961009151
733;30.50;11.50;True;False;False;False;483;44.50;5.50;True;False;False;False;1;20.885827345593498;0;20.885827345593498;20.885827345593498
733;30.50;11.50;True;False;False;False;489;50.50;5.50;True;False;False;False;1;25.340371970915953;0;25.340371970915953;25.340371970915953
733;30.50;11.50;True;False;False;False;559;32.50;7.50;True;False;False;False;2;11.199811221536947;0.16906453552843087;10.909066887517838;11.490555555556057
733;30.50;11.50;True;False;False;False;562;35.50;7.50;True;False;False;False;2;13.51127911427102;0.2679133685043614;13.145278179501474;13.877280049040564
733;30.50;11.50;True;False;False;False;566;39.50;7.50;True;False;False;False;1;16.418161743193195;0;16.418161743193195;16.418161743193195
733;30.50;11.50;True;False;False;False;567;40.50;7.50;True;False;False;False;1;16.871666666669626;0;16.871666666669626;16.871666666669626
733;30.50;11.50;True;False;False;False;571;44.50;7.50;True;False;False;False;1;19.96176045807806;0;19.96176045807806;19.96176045807806
733;30.50;11.50;True;False;False;False;572;45.50;7.50;True;False;False;False;2;19.774445247883705;0.036143313360654294;19.640014385800896;19.908876109966513
733;30.50;11.50;True;False;False;False;603;32.50;8.50;True;False;False;False;1;11.03880148694634;0;11.03880148694634;11.03880148694634
733;30.50;11.50;True;False;False;False;611;40.50;8.50;True;False;False;False;1;16.45666666665784;0;16.45666666665784;16.45666666665784
733;30.50;11.50;True;False;False;False;612;41.50;8.50;True;False;False;False;1;16.754076471712324;0;16.754076471712324;16.754076471712324
733;30.50;11.50;True;False;False;False;615;44.50;8.50;True;False;False;False;1;18.486019191106607;0;18.486019191106607;18.486019191106607
733;30.50;11.50;True;False;False;False;690;31.50;10.50;True;False;False;False;1;7.32293044497419;0;7.32293044497419;7.32293044497419
733;30.50;11.50;True;False;False;False;696;37.50;10.50;True;False;False;False;2;11.869120172686053;1.3921361805133468;11.034813220625438;12.703427124746668
733;30.50;11.50;True;False;False;False;701;42.50;10.50;True;False;False;False;1;15.571572875258425;0;15.571572875258425;15.571572875258425
733;30.50;11.50;True;False;False;False;703;44.50;10.50;True;False;False;False;2;19.08837463349566;8.1829257157528;17.06563815588015;21.11111111111117
733;30.50;11.50;True;False;False;False;706;47.50;10.50;True;False;False;False;2;18.81013908974819;0.01090575173050988;18.736295499198604;18.883982680297777
733;30.50;11.50;True;False;False;False;709;50.50;10.50;True;False;False;False;1;20.000128130061057;0;20.000128130061057;20.000128130061057
733;30.50;11.50;True;False;False;False;711;52.50;10.50;True;False;False;False;3;23.491125588551466;5.211696993887172;21.403705304246614;25.929003730405384
733;30.50;11.50;True;False;False;False;719;16.50;11.50;True;False;False;False;1;13.559538235851505;0;13.559538235851505;13.559538235851505
733;30.50;11.50;True;False;False;False;724;21.50;11.50;True;False;False;False;1;9.851861442402878;0;9.851861442402878;9.851861442402878
733;30.50;11.50;True;False;False;False;735;32.50;11.50;True;False;False;False;1;14.6173160136168;0;14.6173160136168;14.6173160136168
733;30.50;11.50;True;False;False;False;738;35.50;11.50;True;False;False;False;1;7.101020514433685;0;7.101020514433685;7.101020514433685
733;30.50;11.50;True;False;False;False;739;36.50;11.50;True;False;False;False;1;17.81870130606319;0;17.81870130606319;17.81870130606319
733;30.50;11.50;True;False;False;False;740;37.50;11.50;True;False;False;False;3;13.321624479577887;57.82247525778649;8.569249668697694;22.091846253120025
733;30.50;11.50;True;False;False;False;743;40.50;11.50;True;False;False;False;2;18.67914308880151;3.3474460717041845;17.38541860659825;19.97286757100477
733;30.50;11.50;True;False;False;False;744;41.50;11.50;True;False;False;False;2;11.771153876379685;0.3964748378264532;11.32591526741453;12.21639248534484
733;30.50;11.50;True;False;False;False;747;44.50;11.50;True;False;False;False;1;13.538517721423716;0;13.538517721423716;13.538517721423716
733;30.50;11.50;True;False;False;False;748;45.50;11.50;True;False;False;False;3;18.38959612873805;14.055853800251295;14.091666666663514;20.98767727511222
733;30.50;11.50;True;False;False;False;750;47.50;11.50;True;False;False;False;1;21.872871569190465;0;21.872871569190465;21.872871569190465
733;30.50;11.50;True;False;False;False;752;49.50;11.50;True;False;False;False;2;20.996679847336054;25.492427392994298;17.426495860971045;24.566863833701063
733;30.50;11.50;True;False;False;False;818;27.50;13.50;True;False;False;False;1;9.838989873209357;0;9.838989873209357;9.838989873209357
733;30.50;11.50;True;False;False;False;823;32.50;13.50;True;False;False;False;2;14.322916465804155;49.27755272910254;9.359170263131091;19.28666266847722
733;30.50;11.50;True;False;False;False;826;35.50;13.50;True;False;False;False;1;17.865267791847145;0;17.865267791847145;17.865267791847145
733;30.50;11.50;True;False;False;False;830;39.50;13.50;True;False;False;False;1;20.957683986374832;0;20.957683986374832;20.957683986374832
733;30.50;11.50;True;False;False;False;832;41.50;13.50;True;False;False;False;1;26.920180389894085;0;26.920180389894085;26.920180389894085
733;30.50;11.50;True;False;False;False;833;42.50;13.50;True;False;False;False;1;16.88597921921064;0;16.88597921921064;16.88597921921064
733;30.50;11.50;True;False;False;False;835;44.50;13.50;True;False;False;False;1;16.86518758282591;0;16.86518758282591;16.86518758282591
733;30.50;11.50;True;False;False;False;836;45.50;13.50;True;False;False;False;2;20.97397469347652;0.44111597487546755;20.50433867756874;21.443610709384302
733;30.50;11.50;True;False;False;False;838;47.50;13.50;True;False;False;False;1;20.204361040687218;0;20.204361040687218;20.204361040687218
733;30.50;11.50;True;False;False;False;841;50.50;13.50;True;False;False;False;1;27.822691179286835;0;27.822691179286835;27.822691179286835
733;30.50;11.50;True;False;False;False;843;52.50;13.50;True;False;False;False;2;28.654715029289605;3.3801225563450785;27.354691460975346;29.954738597603864
733;30.50;11.50;True;False;False;False;862;27.50;14.50;True;False;False;False;2;12.91020651029794;3.6401167922385667;11.561111111106584;14.259301909489295
733;30.50;11.50;True;False;False;False;866;31.50;14.50;True;False;False;False;1;14.843337331518342;0;14.843337331518342;14.843337331518342
733;30.50;11.50;True;False;False;False;867;32.50;14.50;True;False;False;False;1;10.713888888887595;0;10.713888888887595;10.713888888887595
733;30.50;11.50;True;False;False;False;880;45.50;14.50;True;False;False;False;1;19.870634961131145;0;19.870634961131145;19.870634961131145
733;30.50;11.50;True;False;False;False;972;49.50;16.50;True;False;False;False;1;23.618292567167373;0;23.618292567167373;23.618292567167373
733;30.50;11.50;True;False;False;False;975;52.50;16.50;True;False;False;False;1;25.561760458076606;0;25.561760458076606;25.561760458076606
733;30.50;11.50;True;False;False;False;991;24.50;17.50;True;False;False;False;1;14.597077777765662;0;14.597077777765662;14.597077777765662
733;30.50;11.50;True;False;False;False;1002;35.50;17.50;True;False;False;False;1;14.862965360603994;0;14.862965360603994;14.862965360603994
733;30.50;11.50;True;False;False;False;1007;40.50;17.50;True;False;False;False;1;17.39213562373334;0;17.39213562373334;17.39213562373334
733;30.50;11.50;True;False;False;False;1011;44.50;17.50;True;False;False;False;1;20.61571119101427;0;20.61571119101427;20.61571119101427
733;30.50;11.50;True;False;False;False;1012;45.50;17.50;True;False;False;False;1;27.69175726334288;0;27.69175726334288;27.69175726334288
733;30.50;11.50;True;False;False;False;1014;47.50;17.50;True;False;False;False;1;25.78778097250688;0;25.78778097250688;25.78778097250688
733;30.50;11.50;True;False;False;False;1075;20.50;19.50;True;False;False;False;1;19.520552360820147;0;19.520552360820147;19.520552360820147
733;30.50;11.50;True;False;False;False;1076;21.50;19.50;True;False;False;False;1;18.16990701202667;0;18.16990701202667;18.16990701202667
733;30.50;11.50;True;False;False;False;1089;34.50;19.50;True;False;False;False;1;14.953427124746213;0;14.953427124746213;14.953427124746213
733;30.50;11.50;True;False;False;False;1097;42.50;19.50;True;False;False;False;1;21.034441249707015;0;21.034441249707015;21.034441249707015
733;30.50;11.50;True;False;False;False;1104;49.50;19.50;True;False;False;False;1;25.106019446462597;0;25.106019446462597;25.106019446462597
733;30.50;11.50;True;False;False;False;1253;22.50;23.50;True;False;False;False;1;24.578798292211424;0;24.578798292211424;24.578798292211424
733;30.50;11.50;True;False;False;False;1255;24.50;23.50;True;False;False;False;1;19.91861470757067;0;19.91861470757067;19.91861470757067
733;30.50;11.50;True;False;False;False;1263;32.50;23.50;True;False;False;False;1;16.17534981532299;0;16.17534981532299;16.17534981532299
733;30.50;11.50;True;False;False;False;1266;35.50;23.50;True;False;False;False;1;22.5741702631276;0;22.5741702631276;22.5741702631276
733;30.50;11.50;True;False;False;False;1282;51.50;23.50;True;False;False;False;1;33.26870849898842;0;33.26870849898842;33.26870849898842
733;30.50;11.50;True;False;False;False;1364;45.50;25.50;True;False;False;False;1;29.576672536270053;0;29.576672536270053;29.576672536270053
734;31.50;11.50;True;False;False;False;308;45.50;1.50;True;False;False;False;1;24.138419931825183;0;24.138419931825183;24.138419931825183
734;31.50;11.50;True;False;False;False;352;45.50;2.50;True;False;False;False;1;22.950091381051607;0;22.950091381051607;22.950091381051607
734;31.50;11.50;True;False;False;False;358;51.50;2.50;True;False;False;False;1;27.0471631482651;0;27.0471631482651;27.0471631482651
734;31.50;11.50;True;False;False;False;431;36.50;4.50;True;False;False;False;1;15.615853981711552;0;15.615853981711552;15.615853981711552
734;31.50;11.50;True;False;False;False;471;32.50;5.50;True;False;False;False;3;11.986155790348372;0.32758798892074675;11.370838536688098;12.50268398636399
734;31.50;11.50;True;False;False;False;480;41.50;5.50;True;False;False;False;1;18.8002781795185;0;18.8002781795185;18.8002781795185
734;31.50;11.50;True;False;False;False;481;42.50;5.50;True;False;False;False;1;19.252410608498053;0;19.252410608498053;19.252410608498053
734;31.50;11.50;True;False;False;False;491;52.50;5.50;True;False;False;False;1;25.18028137424153;0;25.18028137424153;25.18028137424153
734;31.50;11.50;True;False;False;False;559;32.50;7.50;True;False;False;False;1;9.668330138598037;0;9.668330138598037;9.668330138598037
734;31.50;11.50;True;False;False;False;561;34.50;7.50;True;False;False;False;2;12.30764228448652;0.44484061873228886;11.836027707351604;12.779256861621434
734;31.50;11.50;True;False;False;False;562;35.50;7.50;True;False;False;False;1;12.61483054582277;0;12.61483054582277;12.61483054582277
734;31.50;11.50;True;False;False;False;563;36.50;7.50;True;False;False;False;1;14.17777777777519;0;14.17777777777519;14.17777777777519
734;31.50;11.50;True;False;False;False;564;37.50;7.50;True;False;False;False;1;13.658702109496517;0;13.658702109496517;13.658702109496517
734;31.50;11.50;True;False;False;False;566;39.50;7.50;True;False;False;False;1;15.079974423078966;0;15.079974423078966;15.079974423078966
734;31.50;11.50;True;False;False;False;571;44.50;7.50;True;False;False;False;1;19.35573994364313;0;19.35573994364313;19.35573994364313
734;31.50;11.50;True;False;False;False;577;50.50;7.50;True;False;False;False;1;22.824527044755087;0;22.824527044755087;22.824527044755087
734;31.50;11.50;True;False;False;False;579;52.50;7.50;True;False;False;False;2;24.458939782781755;0.25185593908241444;24.104076471715075;24.813803093848435
734;31.50;11.50;True;False;False;False;600;29.50;8.50;True;False;False;False;1;10.866666666668607;0;10.866666666668607;10.866666666668607
734;31.50;11.50;True;False;False;False;606;35.50;8.50;True;False;False;False;1;11.845097789584543;0;11.845097789584543;11.845097789584543
734;31.50;11.50;True;False;False;False;613;42.50;8.50;True;False;False;False;1;16.98805115563846;0;16.98805115563846;16.98805115563846
734;31.50;11.50;True;False;False;False;616;45.50;8.50;True;False;False;False;1;22.341666666663514;0;22.341666666663514;22.341666666663514
734;31.50;11.50;True;False;False;False;623;52.50;8.50;True;False;False;False;1;23.343874503038023;0;23.343874503038023;23.343874503038023
734;31.50;11.50;True;False;False;False;673;14.50;10.50;True;False;False;False;1;19.258597126992754;0;19.258597126992754;19.258597126992754
734;31.50;11.50;True;False;False;False;681;22.50;10.50;True;False;False;False;1;13.499563292873063;0;13.499563292873063;13.499563292873063
734;31.50;11.50;True;False;False;False;685;26.50;10.50;True;False;False;False;1;22.527229415143665;0;22.527229415143665;22.527229415143665
734;31.50;11.50;True;False;False;False;689;30.50;10.50;True;False;False;False;1;6.350716777046728;0;6.350716777046728;6.350716777046728
734;31.50;11.50;True;False;False;False;693;34.50;10.50;True;False;False;False;1;9.348608318090555;0;9.348608318090555;9.348608318090555
734;31.50;11.50;True;False;False;False;696;37.50;10.50;True;False;False;False;1;11.516666666662786;0;11.516666666662786;11.516666666662786
734;31.50;11.50;True;False;False;False;706;47.50;10.50;True;False;False;False;1;18.121295499197004;0;18.121295499197004;18.121295499197004
734;31.50;11.50;True;False;False;False;724;21.50;11.50;True;False;False;False;1;17.190284049083857;0;17.190284049083857;17.190284049083857
734;31.50;11.50;True;False;False;False;727;24.50;11.50;True;False;False;False;1;8.047503596457318;0;8.047503596457318;8.047503596457318
734;31.50;11.50;True;False;False;False;737;34.50;11.50;True;False;False;False;1;5.320464958876983;0;5.320464958876983;5.320464958876983
734;31.50;11.50;True;False;False;False;739;36.50;11.50;True;False;False;False;1;8.131191320124344;0;8.131191320124344;8.131191320124344
734;31.50;11.50;True;False;False;False;740;37.50;11.50;True;False;False;False;1;7.951663471925713;0;7.951663471925713;7.951663471925713
734;31.50;11.50;True;False;False;False;743;40.50;11.50;True;False;False;False;1;10.065465762327221;0;10.065465762327221;10.065465762327221
734;31.50;11.50;True;False;False;False;745;42.50;11.50;True;False;False;False;3;11.739396671352248;0.1860147097319293;11.368517721428361;12.212675186594424
734;31.50;11.50;True;False;False;False;747;44.50;11.50;True;False;False;False;1;12.96917852399929;0;12.96917852399929;12.96917852399929
734;31.50;11.50;True;False;False;False;749;46.50;11.50;True;False;False;False;1;13.677128430823359;0;13.677128430823359;13.677128430823359
734;31.50;11.50;True;False;False;False;750;47.50;11.50;True;False;False;False;1;14.87185105475146;0;14.87185105475146;14.87185105475146
734;31.50;11.50;True;False;False;False;752;49.50;11.50;True;False;False;False;1;22.162875567376545;0;22.162875567376545;22.162875567376545
734;31.50;11.50;True;False;False;False;754;51.50;11.50;True;False;False;False;1;17.437168374537578;0;17.437168374537578;17.437168374537578
734;31.50;11.50;True;False;False;False;755;52.50;11.50;True;False;False;False;3;19.25069748875224;2.792049157489349;17.947871569191193;21.134600864308595
734;31.50;11.50;True;False;False;False;813;22.50;13.50;True;False;False;False;1;19.53333333333285;0;19.53333333333285;19.53333333333285
734;31.50;11.50;True;False;False;False;823;32.50;13.50;True;False;False;False;1;8.930772713512852;0;8.930772713512852;8.930772713512852
734;31.50;11.50;True;False;False;False;832;41.50;13.50;True;False;False;False;2;20.160780449886943;59.70487936223691;14.697041832317609;25.624519067456276
734;31.50;11.50;True;False;False;False;833;42.50;13.50;True;False;False;False;3;19.10422258271016;8.070285171280807;15.867844943284581;21.185747136583814
734;31.50;11.50;True;False;False;False;837;46.50;13.50;True;False;False;False;1;19.526757263345644;0;19.526757263345644;19.526757263345644
734;31.50;11.50;True;False;False;False;843;52.50;13.50;True;False;False;False;2;24.302918464896294;0.7497469455400931;23.690649346966893;24.915187582825695
734;31.50;11.50;True;False;False;False;867;32.50;14.50;True;False;False;False;2;10.705605645996911;3.0837210097721517;9.463888888887595;11.947322403106227
734;31.50;11.50;True;False;False;False;869;34.50;14.50;True;False;False;False;1;11.650747136562131;0;11.650747136562131;11.650747136562131
734;31.50;11.50;True;False;False;False;874;39.50;14.50;True;False;False;False;1;14.268949107048684;0;14.268949107048684;14.268949107048684
734;31.50;11.50;True;False;False;False;875;40.50;14.50;True;False;False;False;1;16.237409805049538;0;16.237409805049538;16.237409805049538
734;31.50;11.50;True;False;False;False;876;41.50;14.50;True;False;False;False;1;15.438239541916118;0;15.438239541916118;15.438239541916118
734;31.50;11.50;True;False;False;False;877;42.50;14.50;True;False;False;False;2;27.526680258582928;199.3822631312758;17.542135623716604;37.51122489344925
734;31.50;11.50;True;False;False;False;879;44.50;14.50;True;False;False;False;1;24.63342712474332;0;24.63342712474332;24.63342712474332
734;31.50;11.50;True;False;False;False;880;45.50;14.50;True;False;False;False;1;18.750127648178022;0;18.750127648178022;18.750127648178022
734;31.50;11.50;True;False;False;False;885;50.50;14.50;True;False;False;False;1;27.76388888888914;0;27.76388888888914;27.76388888888914
734;31.50;11.50;True;False;False;False;949;26.50;16.50;True;False;False;False;1;14.654541430592694;0;14.654541430592694;14.654541430592694
734;31.50;11.50;True;False;False;False;955;32.50;16.50;True;False;False;False;1;10.875371167461708;0;10.875371167461708;10.875371167461708
734;31.50;11.50;True;False;False;False;958;35.50;16.50;True;False;False;False;1;13.269075668293226;0;13.269075668293226;13.269075668293226
734;31.50;11.50;True;False;False;False;975;52.50;16.50;True;False;False;False;1;25.477088468082002;0;25.477088468082002;25.477088468082002
734;31.50;11.50;True;False;False;False;991;24.50;17.50;True;False;False;False;1;20.356480690719764;0;20.356480690719764;20.356480690719764
734;31.50;11.50;True;False;False;False;1004;37.50;17.50;True;False;False;False;2;16.41514028540223;0.310074660088151;16.021392485352408;16.808888085452054
734;31.50;11.50;True;False;False;False;1006;39.50;17.50;True;False;False;False;1;19.389251256576244;0;19.389251256576244;19.389251256576244
734;31.50;11.50;True;False;False;False;1009;42.50;17.50;True;False;False;False;1;20.201385292430132;0;20.201385292430132;20.201385292430132
734;31.50;11.50;True;False;False;False;1012;45.50;17.50;True;False;False;False;1;21.496677054328757;0;21.496677054328757;21.496677054328757
734;31.50;11.50;True;False;False;False;1014;47.50;17.50;True;False;False;False;1;26.332975492881815;0;26.332975492881815;26.332975492881815
734;31.50;11.50;True;False;False;False;1017;50.50;17.50;True;False;False;False;1;24.676204902520112;0;24.676204902520112;24.676204902520112
734;31.50;11.50;True;False;False;False;1019;52.50;17.50;True;False;False;False;1;33.97685424948577;0;33.97685424948577;33.97685424948577
734;31.50;11.50;True;False;False;False;1077;22.50;19.50;True;False;False;False;1;23.671948040901043;0;23.671948040901043;23.671948040901043
734;31.50;11.50;True;False;False;False;1084;29.50;19.50;True;False;False;False;1;13.470736748910895;0;13.470736748910895;13.470736748910895
734;31.50;11.50;True;False;False;False;1092;37.50;19.50;True;False;False;False;1;21.885187582825893;0;21.885187582825893;21.885187582825893
734;31.50;11.50;True;False;False;False;1097;42.50;19.50;True;False;False;False;2;23.046491461095684;1.258589408599768;22.25321048672413;23.83977243546724
734;31.50;11.50;True;False;False;False;1101;46.50;19.50;True;False;False;False;2;38.3093093528787;18.145289593856486;35.29722622040572;41.32139248535168
734;31.50;11.50;True;False;False;False;1106;51.50;19.50;True;False;False;False;2;26.354446041808842;0.04724523680710512;26.20074952784853;26.508142555769155
734;31.50;11.50;True;False;False;False;1107;52.50;19.50;True;False;False;False;1;27.706204902524405;0;27.706204902524405;27.706204902524405
734;31.50;11.50;True;False;False;False;1120;21.50;20.50;True;False;False;False;1;24.069996805264964;0;24.069996805264964;24.069996805264964
734;31.50;11.50;True;False;False;False;1126;27.50;20.50;True;False;False;False;2;16.431529576004323;1.9450294155582943;15.445367972726672;17.417691179281974
734;31.50;11.50;True;False;False;False;1138;39.50;20.50;True;False;False;False;1;21.6325611206521;0;21.6325611206521;21.6325611206521
734;31.50;11.50;True;False;False;False;1140;41.50;20.50;True;False;False;False;1;20.649448442614812;0;20.649448442614812;20.649448442614812
734;31.50;11.50;True;False;False;False;1141;42.50;20.50;True;False;False;False;1;22.208982680302142;0;22.208982680302142;22.208982680302142
734;31.50;11.50;True;False;False;False;1151;52.50;20.50;True;False;False;False;1;27.58000000000004;0;27.58000000000004;27.58000000000004
734;31.50;11.50;True;False;False;False;1239;52.50;22.50;True;False;False;False;1;29.0385177214157;0;29.0385177214157;29.0385177214157
734;31.50;11.50;True;False;False;False;1275;44.50;23.50;True;False;False;False;1;25.265187582826;0;25.265187582826;25.265187582826
734;31.50;11.50;True;False;False;False;1277;46.50;23.50;True;False;False;False;1;25.443526766735886;0;25.443526766735886;25.443526766735886
734;31.50;11.50;True;False;False;False;1358;39.50;25.50;True;False;False;False;1;24.542871569190766;0;24.542871569190766;24.542871569190766
735;32.50;11.50;True;False;False;False;12;61.50;3.50;False;False;True;False;1;135.38731601363543;0;135.38731601363543;135.38731601363543
735;32.50;11.50;True;False;False;False;28;61.50;9.50;False;False;True;False;5;102.091984118873;629.0372574894302;77.25065573642496;138.38009059665274
735;32.50;11.50;True;False;False;False;44;61.50;15.50;False;False;True;False;2;80.64546336150829;45.84214690649752;75.85786757100459;85.43305915201199
735;32.50;11.50;True;False;False;False;92;0.50;12.50;False;True;False;False;1;223.79696242670616;0;223.79696242670616;223.79696242670616
735;32.50;11.50;True;False;False;False;294;31.50;1.50;True;False;False;False;1;13.625555555554456;0;13.625555555554456;13.625555555554456
735;32.50;11.50;True;False;False;False;668;9.50;10.50;True;False;False;False;1;21.81570851611832;0;21.81570851611832;21.81570851611832
735;32.50;11.50;True;False;False;False;732;29.50;11.50;True;False;False;False;1;5.098246734843997;0;5.098246734843997;5.098246734843997
735;32.50;11.50;True;False;False;False;744;41.50;11.50;True;False;False;False;1;24.332683986365737;0;24.332683986365737;24.332683986365737
735;32.50;11.50;True;False;False;False;820;29.50;13.50;True;False;False;False;1;13.110739943645967;0;13.110739943645967;13.110739943645967
735;32.50;11.50;True;False;False;False;821;30.50;13.50;True;False;False;False;2;12.976493592370389;22.8413883971202;9.597041832312243;16.355945352428535
735;32.50;11.50;True;False;False;False;822;31.50;13.50;True;False;False;False;1;7.301667470117081;0;7.301667470117081;7.301667470117081
735;32.50;11.50;True;False;False;False;864;29.50;14.50;True;False;False;False;1;11.645369579632074;0;11.645369579632074;11.645369579632074
735;32.50;11.50;True;False;False;False;867;32.50;14.50;True;False;False;False;1;5.654907012037938;0;5.654907012037938;5.654907012037938
735;32.50;11.50;True;False;False;False;974;51.50;16.50;True;False;False;False;1;23.386760458077333;0;23.386760458077333;23.386760458077333
735;32.50;11.50;True;False;False;False;1012;45.50;17.50;True;False;False;False;1;20.35222222222228;0;20.35222222222228;20.35222222222228
735;32.50;11.50;True;False;False;False;1239;52.50;22.50;True;False;False;False;1;29.822691179286835;0;29.822691179286835;29.822691179286835
737;34.50;11.50;True;False;False;False;12;61.50;3.50;False;False;True;False;1;126.20584412269454;0;126.20584412269454;126.20584412269454
737;34.50;11.50;True;False;False;False;28;61.50;9.50;False;False;True;False;2;109.10261377278766;43.775054101229046;104.42420303295148;113.78102451262384
737;34.50;11.50;True;False;False;False;44;61.50;15.50;False;False;True;False;1;90.62758780367585;0;90.62758780367585;90.62758780367585
737;34.50;11.50;True;False;False;False;76;0.50;6.50;False;True;False;False;1;574.2293506530336;0;574.2293506530336;574.2293506530336
737;34.50;11.50;True;False;False;False;548;21.50;7.50;True;False;False;False;1;19.33972262393945;0;19.33972262393945;19.33972262393945
737;34.50;11.50;True;False;False;False;740;37.50;11.50;True;False;False;False;1;9.829718625765963;0;9.829718625765963;9.829718625765963
737;34.50;11.50;True;False;False;False;753;50.50;11.50;True;False;False;False;1;22.090836929794136;0;22.090836929794136;22.090836929794136
737;34.50;11.50;True;False;False;False;820;29.50;13.50;True;False;False;False;1;16.511959496525378;0;16.511959496525378;16.511959496525378
737;34.50;11.50;True;False;False;False;822;31.50;13.50;True;False;False;False;1;10.462290172145003;0;10.462290172145003;10.462290172145003
737;34.50;11.50;True;False;False;False;823;32.50;13.50;True;False;False;False;1;8.565119613687784;0;8.565119613687784;8.565119613687784
737;34.50;11.50;True;False;False;False;864;29.50;14.50;True;False;False;False;1;12.816471890922003;0;12.816471890922003;12.816471890922003
737;34.50;11.50;True;False;False;False;1149;50.50;20.50;True;False;False;False;1;26.454812417174367;0;26.454812417174367;26.454812417174367
738;35.50;11.50;True;False;False;False;28;61.50;9.50;False;False;True;False;2;128.85759059668544;532.8181253793964;112.53554836264811;145.17963283072277
738;35.50;11.50;True;False;False;False;60;61.50;21.50;False;False;True;False;1;96.87241938926672;0;96.87241938926672;96.87241938926672
738;35.50;11.50;True;False;False;False;92;0.50;12.50;False;True;False;False;1;280.0066906366883;0;280.0066906366883;280.0066906366883
738;35.50;11.50;True;False;False;False;108;0.50;18.50;False;True;False;False;1;601.0894468357346;0;601.0894468357346;601.0894468357346
738;35.50;11.50;True;False;False;False;703;44.50;10.50;True;False;False;False;1;13.085090596681766;0;13.085090596681766;13.085090596681766
738;35.50;11.50;True;False;False;False;821;30.50;13.50;True;False;False;False;1;11.982951778218194;0;11.982951778218194;11.982951778218194
738;35.50;11.50;True;False;False;False;822;31.50;13.50;True;False;False;False;1;11.843904862565978;0;11.843904862565978;11.843904862565978
738;35.50;11.50;True;False;False;False;1102;47.50;19.50;True;False;False;False;1;20.794632027264015;0;20.794632027264015;20.794632027264015
738;35.50;11.50;True;False;False;False;1150;51.50;20.50;True;False;False;False;1;24.249541430595855;0;24.249541430595855;24.249541430595855
739;36.50;11.50;True;False;False;False;28;61.50;9.50;False;False;True;False;1;141.24833252989993;0;141.24833252989993;141.24833252989993
739;36.50;11.50;True;False;False;False;44;61.50;15.50;False;False;True;False;4;105.78494530403759;372.6911197083381;81.01574952784358;127.85037836037736
739;36.50;11.50;True;False;False;False;76;0.50;6.50;False;True;False;False;1;589.8634905376803;0;589.8634905376803;589.8634905376803
739;36.50;11.50;True;False;False;False;608;37.50;8.50;True;False;False;False;1;9.202773779594281;0;9.202773779594281;9.202773779594281
739;36.50;11.50;True;False;False;False;820;29.50;13.50;True;False;False;False;2;15.210373568278555;5.227818427371398;13.593614707568122;16.82713242898899
739;36.50;11.50;True;False;False;False;822;31.50;13.50;True;False;False;False;1;12.19148627676259;0;12.19148627676259;12.19148627676259
739;36.50;11.50;True;False;False;False;843;52.50;13.50;True;False;False;False;2;21.505465360599374;5.07151506628647;19.913059152013375;23.097871569185372
740;37.50;11.50;True;False;False;False;12;61.50;3.50;False;False;True;False;5;112.12507167390723;581.2951758524384;90.0006261613944;148.1589906766476
740;37.50;11.50;True;False;False;False;28;61.50;9.50;False;False;True;False;6;123.78220925578344;716.2656902540198;81.91859793044478;154.9708441227126
740;37.50;11.50;True;False;False;False;44;61.50;15.50;False;False;True;False;3;96.53258858169102;1286.2704618448374;72.27175885117686;137.72895547737517
740;37.50;11.50;True;False;False;False;60;61.50;21.50;False;False;True;False;3;118.75374828842855;1162.5053614651615;79.54445163736455;141.43713881846668
740;37.50;11.50;True;False;False;False;76;0.50;6.50;False;True;False;False;1;556.398527324719;0;556.398527324719;556.398527324719
740;37.50;11.50;True;False;False;False;92;0.50;12.50;False;True;False;False;2;264.31681693797145;559.9317036810187;247.58463680983186;281.04899706611104
740;37.50;11.50;True;False;False;False;108;0.50;18.50;False;True;False;False;1;608.3274297769076;0;608.3274297769076;608.3274297769076
740;37.50;11.50;True;False;False;False;611;40.50;8.50;True;False;False;False;1;12.215667711920105;0;12.215667711920105;12.215667711920105
740;37.50;11.50;True;False;False;False;701;42.50;10.50;True;False;False;False;1;10.341666666666697;0;10.341666666666697;10.341666666666697
740;37.50;11.50;True;False;False;False;723;20.50;11.50;True;False;False;False;1;14.657118043159244;0;14.657118043159244;14.657118043159244
740;37.50;11.50;True;False;False;False;733;30.50;11.50;True;False;False;False;1;17.58461842580948;0;17.58461842580948;17.58461842580948
740;37.50;11.50;True;False;False;False;734;31.50;11.50;True;False;False;False;1;15.34990620858298;0;15.34990620858298;15.34990620858298
740;37.50;11.50;True;False;False;False;748;45.50;11.50;True;False;False;False;1;9.473520916157213;0;9.473520916157213;9.473520916157213
740;37.50;11.50;True;False;False;False;750;47.50;11.50;True;False;False;False;1;13.625093791414656;0;13.625093791414656;13.625093791414656
740;37.50;11.50;True;False;False;False;820;29.50;13.50;True;False;False;False;2;13.834812015451917;0.27079171973750654;13.46685025131228;14.202773779591553
740;37.50;11.50;True;False;False;False;821;30.50;13.50;True;False;False;False;4;14.13427544174101;6.166981464552603;12.471917378870785;17.822409805052303
740;37.50;11.50;True;False;False;False;822;31.50;13.50;True;False;False;False;1;12.814444444440596;0;12.814444444440596;12.814444444440596
740;37.50;11.50;True;False;False;False;866;31.50;14.50;True;False;False;False;1;13.677222222218916;0;13.677222222218916;13.677222222218916
740;37.50;11.50;True;False;False;False;880;45.50;14.50;True;False;False;False;1;14.561030902088532;0;14.561030902088532;14.561030902088532
740;37.50;11.50;True;False;False;False;1016;49.50;17.50;True;False;False;False;1;19.768423930003337;0;19.768423930003337;19.768423930003337
740;37.50;11.50;True;False;False;False;1092;37.50;19.50;True;False;False;False;1;9.861017319693929;0;9.861017319693929;9.861017319693929
740;37.50;11.50;True;False;False;False;1099;44.50;19.50;True;False;False;False;1;17.920930721193145;0;17.920930721193145;17.920930721193145
740;37.50;11.50;True;False;False;False;1136;37.50;20.50;True;False;False;False;1;12.866666666668607;0;12.866666666668607;12.866666666668607
740;37.50;11.50;True;False;False;False;1145;46.50;20.50;True;False;False;False;1;22.756948040911084;0;22.756948040911084;22.756948040911084
742;39.50;11.50;True;False;False;False;12;61.50;3.50;False;False;True;False;3;96.9648253161995;1105.8394762360977;74.29732194085773;135.1402925653383
742;39.50;11.50;True;False;False;False;28;61.50;9.50;False;False;True;False;3;90.68730215712048;131.60499704306474;82.12147988728248;103.72092832992212
742;39.50;11.50;True;False;False;False;44;61.50;15.50;False;False;True;False;1;107.53751078936875;0;107.53751078936875;107.53751078936875
742;39.50;11.50;True;False;False;False;60;61.50;21.50;False;False;True;False;1;82.09694111230965;0;82.09694111230965;82.09694111230965
742;39.50;11.50;True;False;False;False;734;31.50;11.50;True;False;False;False;1;9.078172130874009;0;9.078172130874009;9.078172130874009
742;39.50;11.50;True;False;False;False;821;30.50;13.50;True;False;False;False;3;14.699454937651657;0.19041437850282467;14.243517721419266;15.113179621424933
742;39.50;11.50;True;False;False;False;864;29.50;14.50;True;False;False;False;1;18.870649346959908;0;18.870649346959908;18.870649346959908
742;39.50;11.50;True;False;False;False;882;47.50;14.50;True;False;False;False;1;14.804632027266052;0;14.804632027266052;14.804632027266052
742;39.50;11.50;True;False;False;False;989;22.50;17.50;True;False;False;False;1;25.095089793214356;0;25.095089793214356;25.095089793214356
742;39.50;11.50;True;False;False;False;1146;47.50;20.50;True;False;False;False;1;18.71499680526631;0;18.71499680526631;18.71499680526631
743;40.50;11.50;True;False;False;False;12;61.50;3.50;False;False;True;False;3;125.0346587635983;1008.8968859798413;96.11101812314337;159.02758619674205
743;40.50;11.50;True;False;False;False;28;61.50;9.50;False;False;True;False;6;92.61377377226461;559.0475868487472;65.3499010848027;127.8944884054381
743;40.50;11.50;True;False;False;False;44;61.50;15.50;False;False;True;False;2;105.55392460299845;17.141113065006582;102.62637331693986;108.48147588905704
743;40.50;11.50;True;False;False;False;463;24.50;5.50;True;False;False;False;1;34.427490817543;0;34.427490817543;34.427490817543
743;40.50;11.50;True;False;False;False;536;9.50;7.50;True;False;False;False;1;30.208160939775553;0;30.208160939775553;30.208160939775553
743;40.50;11.50;True;False;False;False;732;29.50;11.50;True;False;False;False;1;13.222222222218988;0;13.222222222218988;13.222222222218988
743;40.50;11.50;True;False;False;False;734;31.50;11.50;True;False;False;False;2;10.643334930695346;1.5416519585577817;9.765367972730019;11.521301888660673
743;40.50;11.50;True;False;False;False;821;30.50;13.50;True;False;False;False;1;15.555187582827784;0;15.555187582827784;15.555187582827784
743;40.50;11.50;True;False;False;False;822;31.50;13.50;True;False;False;False;1;16.423423126565467;0;16.423423126565467;16.423423126565467
743;40.50;11.50;True;False;False;False;864;29.50;14.50;True;False;False;False;1;17.026982663181116;0;17.026982663181116;17.026982663181116
743;40.50;11.50;True;False;False;False;882;47.50;14.50;True;False;False;False;1;26.96749640354028;0;26.96749640354028;26.96749640354028
743;40.50;11.50;True;False;False;False;964;41.50;16.50;True;False;False;False;1;16.073427124747468;0;16.073427124747468;16.073427124747468
743;40.50;11.50;True;False;False;False;1281;50.50;23.50;True;False;False;False;1;22.72473540289502;0;22.72473540289502;22.72473540289502
744;41.50;11.50;True;False;False;False;28;61.50;9.50;False;False;True;False;5;100.04711067435419;261.2179826372497;77.18820170596882;121.7097457905329
744;41.50;11.50;True;False;False;False;60;61.50;21.50;False;False;True;False;1;71.08750679118748;0;71.08750679118748;71.08750679118748
744;41.50;11.50;True;False;False;False;76;0.50;6.50;False;True;False;False;1;589.4871516164094;0;589.4871516164094;589.4871516164094
744;41.50;11.50;True;False;False;False;459;20.50;5.50;True;False;False;False;1;25.244157484179595;0;25.244157484179595;25.244157484179595
744;41.50;11.50;True;False;False;False;733;30.50;11.50;True;False;False;False;1;12.033152943415189;0;12.033152943415189;12.033152943415189
744;41.50;11.50;True;False;False;False;822;31.50;13.50;True;False;False;False;1;34.08491207820407;0;34.08491207820407;34.08491207820407
744;41.50;11.50;True;False;False;False;823;32.50;13.50;True;False;False;False;1;16.682406610312682;0;16.682406610312682;16.682406610312682
744;41.50;11.50;True;False;False;False;835;44.50;13.50;True;False;False;False;1;12.161382097689057;0;12.161382097689057;12.161382097689057
744;41.50;11.50;True;False;False;False;879;44.50;14.50;True;False;False;False;1;10.646291500997904;0;10.646291500997904;10.646291500997904
744;41.50;11.50;True;False;False;False;955;32.50;16.50;True;False;False;False;1;17.59907647170803;0;17.59907647170803;17.59907647170803
744;41.50;11.50;True;False;False;False;1016;49.50;17.50;True;False;False;False;1;20.778706892098853;0;20.778706892098853;20.778706892098853
745;42.50;11.50;True;False;False;False;28;61.50;9.50;False;False;True;False;7;88.75475003315145;608.4639745756176;62.68614492973211;128.87101255619655
745;42.50;11.50;True;False;False;False;44;61.50;15.50;False;False;True;False;2;115.46820983459338;215.23707105189644;105.0942744421809;125.84214522700586
745;42.50;11.50;True;False;False;False;60;61.50;21.50;False;False;True;False;2;125.33957036307038;184.6673436357303;115.730529213306;134.94861151283476
745;42.50;11.50;True;False;False;False;108;0.50;18.50;False;True;False;False;1;576.8688920836648;0;576.8688920836648;576.8688920836648
745;42.50;11.50;True;False;False;False;308;45.50;1.50;True;False;False;False;1;16.14249640354683;0;16.14249640354683;16.14249640354683
745;42.50;11.50;True;False;False;False;623;52.50;8.50;True;False;False;False;1;16.00503710873454;0;16.00503710873454;16.00503710873454
745;42.50;11.50;True;False;False;False;820;29.50;13.50;True;False;False;False;2;20.858698503552205;1.7397883814276858;19.926017319698985;21.791379687405424
745;42.50;11.50;True;False;False;False;821;30.50;13.50;True;False;False;False;2;15.951433785503468;0.16408954749415688;15.664999196553254;16.237868374453683
745;42.50;11.50;True;False;False;False;822;31.50;13.50;True;False;False;False;2;15.135834930698365;0.053354249492773655;14.972503596452952;15.299166264943779
745;42.50;11.50;True;False;False;False;823;32.50;13.50;True;False;False;False;1;20.26361070938765;0;20.26361070938765;20.26361070938765
745;42.50;11.50;True;False;False;False;864;29.50;14.50;True;False;False;False;1;16.969266445830726;0;16.969266445830726;16.969266445830726
745;42.50;11.50;True;False;False;False;872;37.50;14.50;True;False;False;False;1;12.538243540089752;0;12.538243540089752;12.538243540089752
745;42.50;11.50;True;False;False;False;877;42.50;14.50;True;False;False;False;1;5.312222222222317;0;5.312222222222317;5.312222222222317
747;44.50;11.50;True;False;False;False;12;61.50;3.50;False;False;True;False;1;101.75037516563862;0;101.75037516563862;101.75037516563862
747;44.50;11.50;True;False;False;False;28;61.50;9.50;False;False;True;False;2;98.40752038308028;1104.4577211711585;74.90797016215947;121.90707060400109
747;44.50;11.50;True;False;False;False;44;61.50;15.50;False;False;True;False;2;94.4108935435292;2.115155319717166;93.38250759464688;95.43927949241152
747;44.50;11.50;True;False;False;False;60;61.50;21.50;False;False;True;False;2;184.4999171302279;123.0533027928931;176.65602451262748;192.34380974782835
747;44.50;11.50;True;False;False;False;124;0.50;24.50;False;True;False;False;1;585.3684524373384;0;585.3684524373384;585.3684524373384
747;44.50;11.50;True;False;False;False;421;26.50;4.50;True;False;False;False;1;24.018998118166564;0;24.018998118166564;24.018998118166564
747;44.50;11.50;True;False;False;False;567;40.50;7.50;True;False;False;False;1;17.622426326794084;0;17.622426326794084;17.622426326794084
747;44.50;11.50;True;False;False;False;592;21.50;8.50;True;False;False;False;1;24.905921137000405;0;24.905921137000405;24.905921137000405
747;44.50;11.50;True;False;False;False;745;42.50;11.50;True;False;False;False;1;4.990375165651415;0;4.990375165651415;4.990375165651415
747;44.50;11.50;True;False;False;False;800;9.50;13.50;True;False;False;False;1;31.37074313838093;0;31.37074313838093;31.37074313838093
747;44.50;11.50;True;False;False;False;1011;44.50;17.50;True;False;False;False;1;7.604250472149943;0;7.604250472149943;7.604250472149943
747;44.50;11.50;True;False;False;False;1019;52.50;17.50;True;False;False;False;1;22.25620490252186;0;22.25620490252186;22.25620490252186
747;44.50;11.50;True;False;False;False;1341;22.50;25.50;True;False;False;False;1;30.609999196550234;0;30.609999196550234;30.609999196550234
748;45.50;11.50;True;False;False;False;12;61.50;3.50;False;False;True;False;1;102.66330454268245;0;102.66330454268245;102.66330454268245
748;45.50;11.50;True;False;False;False;28;61.50;9.50;False;False;True;False;8;95.63379502769617;322.9181118343565;72.7421324289935;131.0177626075565
748;45.50;11.50;True;False;False;False;44;61.50;15.50;False;False;True;False;4;97.63397581823904;1108.6727916954264;74.54716519883732;146.9493690370582
748;45.50;11.50;True;False;False;False;60;61.50;21.50;False;False;True;False;2;125.76622209087418;3050.8479837748746;86.70954542877917;164.8228987529692
748;45.50;11.50;True;False;False;False;124;0.50;24.50;False;True;False;False;1;591.7802541905639;0;591.7802541905639;591.7802541905639
748;45.50;11.50;True;False;False;False;280;17.50;1.50;True;False;False;False;1;32.51944124971487;0;32.51944124971487;32.51944124971487
748;45.50;11.50;True;False;False;False;407;12.50;4.50;True;False;False;False;1;33.908564092644156;0;33.908564092644156;33.908564092644156
748;45.50;11.50;True;False;False;False;546;19.50;7.50;True;False;False;False;1;27.20667705431333;0;27.20667705431333;27.20667705431333
748;45.50;11.50;True;False;False;False;571;44.50;7.50;True;False;False;False;1;9.407610989330351;0;9.407610989330351;9.407610989330351
748;45.50;11.50;True;False;False;False;704;45.50;10.50;True;False;False;False;1;3.309083664626087;0;3.309083664626087;3.309083664626087
748;45.50;11.50;True;False;False;False;727;24.50;11.50;True;False;False;False;1;21.96721902749232;0;21.96721902749232;21.96721902749232
748;45.50;11.50;True;False;False;False;733;30.50;11.50;True;False;False;False;1;14.104163070202048;0;14.104163070202048;14.104163070202048
748;45.50;11.50;True;False;False;False;820;29.50;13.50;True;False;False;False;1;23.172871569189738;0;23.172871569189738;23.172871569189738
748;45.50;11.50;True;False;False;False;821;30.50;13.50;True;False;False;False;2;31.125650944331937;227.0383019615736;20.47111430584846;41.780187582815415
748;45.50;11.50;True;False;False;False;822;31.50;13.50;True;False;False;False;2;19.071207695533758;0.025481243284442165;18.95833333333303;19.184082057734486
748;45.50;11.50;True;False;False;False;837;46.50;13.50;True;False;False;False;1;9.255432689828012;0;9.255432689828012;9.255432689828012
748;45.50;11.50;True;False;False;False;838;47.50;13.50;True;False;False;False;1;8.731291501015221;0;8.731291501015221;8.731291501015221
748;45.50;11.50;True;False;False;False;840;49.50;13.50;True;False;False;False;1;14.04564934696782;0;14.04564934696782;14.04564934696782
748;45.50;11.50;True;False;False;False;1126;27.50;20.50;True;False;False;False;1;25.957867570996314;0;25.957867570996314;25.957867570996314
749;46.50;11.50;True;False;False;False;12;61.50;3.50;False;False;True;False;1;95.80925366687006;0;95.80925366687006;95.80925366687006
749;46.50;11.50;True;False;False;False;28;61.50;9.50;False;False;True;False;6;97.20979816851589;240.54077358719874;84.70250040170868;125.03378342511496
749;46.50;11.50;True;False;False;False;44;61.50;15.50;False;False;True;False;6;112.60851505599548;2984.772968606236;52.91018358463407;204.79150626769638
749;46.50;11.50;True;False;False;False;60;61.50;21.50;False;False;True;False;3;114.27776285920238;20.179624127233;111.02790141740297;119.40389688526193
749;46.50;11.50;True;False;False;False;108;0.50;18.50;False;True;False;False;1;558.1586283089746;0;558.1586283089746;558.1586283089746
749;46.50;11.50;True;False;False;False;441;46.50;4.50;True;False;False;False;1;7.946669861399641;0;7.946669861399641;7.946669861399641
749;46.50;11.50;True;False;False;False;488;49.50;5.50;True;False;False;False;1;12.801204902520112;0;12.801204902520112;12.801204902520112
749;46.50;11.50;True;False;False;False;622;51.50;8.50;True;False;False;False;1;12.576684247248522;0;12.576684247248522;12.576684247248522
749;46.50;11.50;True;False;False;False;732;29.50;11.50;True;False;False;False;1;30.076948040905336;0;30.076948040905336;30.076948040905336
749;46.50;11.50;True;False;False;False;820;29.50;13.50;True;False;False;False;1;26.09010578586458;0;26.09010578586458;26.09010578586458
749;46.50;11.50;True;False;False;False;821;30.50;13.50;True;False;False;False;4;31.913295428761103;243.96950506162494;19.288177716862265;51.61444844262769
749;46.50;11.50;True;False;False;False;822;31.50;13.50;True;False;False;False;3;19.051975574341366;0.06502264529479297;18.83676045807806;19.33360751465443
749;46.50;11.50;True;False;False;False;823;32.50;13.50;True;False;False;False;1;19.02009778959473;0;19.02009778959473;19.02009778959473
749;46.50;11.50;True;False;False;False;864;29.50;14.50;True;False;False;False;1;20.823296565315104;0;20.823296565315104;20.823296565315104
749;46.50;11.50;True;False;False;False;865;30.50;14.50;True;False;False;False;1;20.22851372324203;0;20.22851372324203;20.22851372324203
749;46.50;11.50;True;False;False;False;867;32.50;14.50;True;False;False;False;1;19.166670664853655;0;19.166670664853655;19.166670664853655
749;46.50;11.50;True;False;False;False;1013;46.50;17.50;True;False;False;False;1;12.658823065695287;0;12.658823065695287;12.658823065695287
750;47.50;11.50;True;False;False;False;12;61.50;3.50;False;False;True;False;5;99.33554473237518;503.68934345782935;68.40350733376363;115.93009698613787
750;47.50;11.50;True;False;False;False;28;61.50;9.50;False;False;True;False;3;158.81337205787986;3196.7758808953777;103.5528755673813;216.55149346967937
750;47.50;11.50;True;False;False;False;44;61.50;15.50;False;False;True;False;9;89.72592839792323;610.6996415452786;47.40843031946861;129.717296181856
750;47.50;11.50;True;False;False;False;60;61.50;21.50;False;False;True;False;4;123.24299806183353;648.5093960745828;98.29064774006656;156.59490301381447
750;47.50;11.50;True;False;False;False;92;0.50;12.50;False;True;False;False;1;255.18600534420693;0;255.18600534420693;255.18600534420693
750;47.50;11.50;True;False;False;False;439;44.50;4.50;True;False;False;False;1;13.628063150215894;0;13.628063150215894;13.628063150215894
750;47.50;11.50;True;False;False;False;442;47.50;4.50;True;False;False;False;1;7.763329335142771;0;7.763329335142771;7.763329335142771
750;47.50;11.50;True;False;False;False;546;19.50;7.50;True;False;False;False;1;28.397674666710373;0;28.397674666710373;28.397674666710373
750;47.50;11.50;True;False;False;False;567;40.50;7.50;True;False;False;False;1;16.364163070204086;0;16.364163070204086;16.364163070204086
750;47.50;11.50;True;False;False;False;623;52.50;8.50;True;False;False;False;1;12.036666666665951;0;12.036666666665951;12.036666666665951
750;47.50;11.50;True;False;False;False;710;51.50;10.50;True;False;False;False;1;25.143350932975864;0;25.143350932975864;25.143350932975864
750;47.50;11.50;True;False;False;False;734;31.50;11.50;True;False;False;False;1;17.413427124749433;0;17.413427124749433;17.413427124749433
750;47.50;11.50;True;False;False;False;743;40.50;11.50;True;False;False;False;1;7.803142555758313;0;7.803142555758313;7.803142555758313
750;47.50;11.50;True;False;False;False;811;20.50;13.50;True;False;False;False;1;30.61148627676448;0;30.61148627676448;30.61148627676448
750;47.50;11.50;True;False;False;False;820;29.50;13.50;True;False;False;False;3;21.32771525016915;0.5894010098932777;20.604538235856126;22.13333333333412
750;47.50;11.50;True;False;False;False;821;30.50;13.50;True;False;False;False;2;19.317074181107728;0.5654474710077273;18.785356459469767;19.84879190274569
750;47.50;11.50;True;False;False;False;822;31.50;13.50;True;False;False;False;3;19.541669861406262;0.8769332196407997;18.607312818898208;20.48019316885984
750;47.50;11.50;True;False;False;False;838;47.50;13.50;True;False;False;False;1;5.294444444443798;0;5.294444444443798;5.294444444443798
750;47.50;11.50;True;False;False;False;840;49.50;13.50;True;False;False;False;1;10.136725816817489;0;10.136725816817489;10.136725816817489
750;47.50;11.50;True;False;False;False;880;45.50;14.50;True;False;False;False;1;13.247587803682109;0;13.247587803682109;13.247587803682109
750;47.50;11.50;True;False;False;False;1100;45.50;19.50;True;False;False;False;1;14.875;0;14.875;14.875
750;47.50;11.50;True;False;False;False;1148;49.50;20.50;True;False;False;False;1;15.114538235859072;0;15.114538235859072;15.114538235859072
752;49.50;11.50;True;False;False;False;12;61.50;3.50;False;False;True;False;1;60.33100693203778;0;60.33100693203778;60.33100693203778
752;49.50;11.50;True;False;False;False;28;61.50;9.50;False;False;True;False;6;89.48355310778679;597.8866833687861;49.370278179505476;122.17083453850137
752;49.50;11.50;True;False;False;False;44;61.50;15.50;False;False;True;False;3;132.24747276103028;2159.4999915857725;95.33610791637682;184.43242067438769
752;49.50;11.50;True;False;False;False;60;61.50;21.50;False;False;True;False;2;91.1677380749934;827.9102372805432;70.82185105475583;111.51362509523096
752;49.50;11.50;True;False;False;False;92;0.50;12.50;False;True;False;False;1;247.46685505294477;0;247.46685505294477;247.46685505294477
752;49.50;11.50;True;False;False;False;124;0.50;24.50;False;True;False;False;2;547.1096705439131;205.91232207871528;536.9629389992551;557.2564020885711
752;49.50;11.50;True;False;False;False;698;39.50;10.50;True;False;False;False;1;13.198896081807106;0;13.198896081807106;13.198896081807106
752;49.50;11.50;True;False;False;False;734;31.50;11.50;True;False;False;False;1;21.256204902514582;0;21.256204902514582;21.256204902514582
752;49.50;11.50;True;False;False;False;755;52.50;11.50;True;False;False;False;1;5.538879304684087;0;5.538879304684087;5.538879304684087
752;49.50;11.50;True;False;False;False;821;30.50;13.50;True;False;False;False;3;24.62600879405545;24.334633321327317;21.171854249489115;30.275616577120672
752;49.50;11.50;True;False;False;False;822;31.50;13.50;True;False;False;False;2;20.47013908975032;0.007344926985340172;20.409538235856417;20.53073994364422
752;49.50;11.50;True;False;False;False;823;32.50;13.50;True;False;False;False;1;20.12320596859672;0;20.12320596859672;20.12320596859672
752;49.50;11.50;True;False;False;False;864;29.50;14.50;True;False;False;False;1;35.289340265373994;0;35.289340265373994;35.289340265373994
752;49.50;11.50;True;False;False;False;1014;47.50;17.50;True;False;False;False;1;12.292219027491228;0;12.292219027491228;12.292219027491228
752;49.50;11.50;True;False;False;False;1016;49.50;17.50;True;False;False;False;1;7.998055153830364;0;7.998055153830364;7.998055153830364
752;49.50;11.50;True;False;False;False;1146;47.50;20.50;True;False;False;False;1;15.005185191539567;0;15.005185191539567;15.005185191539567
752;49.50;11.50;True;False;False;False;1227;40.50;22.50;True;False;False;False;1;21.76712443262295;0;21.76712443262295;21.76712443262295
752;49.50;11.50;True;False;False;False;1232;45.50;22.50;True;False;False;False;1;17.66723341333727;0;17.66723341333727;17.66723341333727
753;50.50;11.50;True;False;False;False;12;61.50;3.50;False;False;True;False;1;173.2631721308353;0;173.2631721308353;173.2631721308353
753;50.50;11.50;True;False;False;False;28;61.50;9.50;False;False;True;False;2;81.41981800318513;34.61396236282992;77.2596519991157;85.57998400725455
753;50.50;11.50;True;False;False;False;44;61.50;15.50;False;False;True;False;3;90.8492624603432;2735.8975871669795;30.468055153829482;122.25639409225096
753;50.50;11.50;True;False;False;False;60;61.50;21.50;False;False;True;False;4;74.0222669227507;879.5192362037244;45.17399067667611;114.93334452442286
753;50.50;11.50;True;False;False;False;76;0.50;6.50;False;True;False;False;1;540.5202427348122;0;540.5202427348122;540.5202427348122
753;50.50;11.50;True;False;False;False;733;30.50;11.50;True;False;False;False;1;17.301482278576714;0;17.301482278576714;17.301482278576714
753;50.50;11.50;True;False;False;False;734;31.50;11.50;True;False;False;False;3;20.16657633780763;12.366037973840909;16.248340526250104;23.048520916159305
753;50.50;11.50;True;False;False;False;821;30.50;13.50;True;False;False;False;1;38.010562748469965;0;38.010562748469965;38.010562748469965
753;50.50;11.50;True;False;False;False;822;31.50;13.50;True;False;False;False;2;22.428800291298103;3.711781539571781;21.066489471482782;23.791111111113423
753;50.50;11.50;True;False;False;False;823;32.50;13.50;True;False;False;False;2;21.86733719066069;4.4121475484086945;20.382051435593894;23.35262294572749
753;50.50;11.50;True;False;False;False;837;46.50;13.50;True;False;False;False;1;11.222506791196793;0;11.222506791196793;11.222506791196793
753;50.50;11.50;True;False;False;False;887;52.50;14.50;True;False;False;False;1;11.089444444444439;0;11.089444444444439;11.089444444444439
754;51.50;11.50;True;False;False;False;12;61.50;3.50;False;False;True;False;5;122.04917666021238;2152.0362210424664;81.38288993413335;181.10287876208895
754;51.50;11.50;True;False;False;False;28;61.50;9.50;False;False;True;False;6;97.92447626777962;885.3234673323502;64.94860831808182;146.62556274846065
754;51.50;11.50;True;False;False;False;44;61.50;15.50;False;False;True;False;1;97.35870930243618;0;97.35870930243618;97.35870930243618
754;51.50;11.50;True;False;False;False;60;61.50;21.50;False;False;True;False;1;35.33463202726671;0;35.33463202726671;35.33463202726671
754;51.50;11.50;True;False;False;False;108;0.50;18.50;False;True;False;False;1;552.1191193738123;0;552.1191193738123;552.1191193738123
754;51.50;11.50;True;False;False;False;595;24.50;8.50;True;False;False;False;1;27.42751078938454;0;27.42751078938454;27.42751078938454
754;51.50;11.50;True;False;False;False;701;42.50;10.50;True;False;False;False;1;12.99843031947239;0;12.99843031947239;12.99843031947239
754;51.50;11.50;True;False;False;False;734;31.50;11.50;True;False;False;False;1;22.43573433855272;0;22.43573433855272;22.43573433855272
754;51.50;11.50;True;False;False;False;820;29.50;13.50;True;False;False;False;3;28.054289725975348;20.956789842082912;22.92046976050915;31.711937653275527
754;51.50;11.50;True;False;False;False;821;30.50;13.50;True;False;False;False;1;30.01657287525086;0;30.01657287525086;30.01657287525086
754;51.50;11.50;True;False;False;False;822;31.50;13.50;True;False;False;False;2;22.019526643029167;0.20945659805212902;21.695909123376623;22.34314416268171
754;51.50;11.50;True;False;False;False;861;26.50;14.50;True;False;False;False;1;26.436479083840766;0;26.436479083840766;26.436479083840766
754;51.50;11.50;True;False;False;False;864;29.50;14.50;True;False;False;False;1;33.47407886300289;0;33.47407886300289;33.47407886300289
754;51.50;11.50;True;False;False;False;1104;49.50;19.50;True;False;False;False;1;13.92129630265299;0;13.92129630265299;13.92129630265299
754;51.50;11.50;True;False;False;False;1206;19.50;22.50;True;False;False;False;1;36.56731601362844;0;36.56731601362844;36.56731601362844
754;51.50;11.50;True;False;False;False;1397;34.50;26.50;True;False;False;False;1;28.939170263121923;0;28.939170263121923;28.939170263121923
754;51.50;11.50;True;False;False;False;1415;52.50;26.50;True;False;False;False;1;16.85270793735981;0;16.85270793735981;16.85270793735981
755;52.50;11.50;True;False;False;False;12;61.50;3.50;False;False;True;False;2;65.90375379731807;977.2006304265215;43.799448442630705;88.00805915200544
755;52.50;11.50;True;False;False;False;28;61.50;9.50;False;False;True;False;6;99.98463206819665;331.0506579296472;79.52955023035975;130.74905248271352
755;52.50;11.50;True;False;False;False;44;61.50;15.50;False;False;True;False;6;98.11376529567754;654.4899082832775;56.394256861623944;124.684174261296
755;52.50;11.50;True;False;False;False;60;61.50;21.50;False;False;True;False;6;93.6816339393951;477.6431237452187;67.77704183231253;120.71019557920226
755;52.50;11.50;True;False;False;False;92;0.50;12.50;False;True;False;False;1;262.54315694160687;0;262.54315694160687;262.54315694160687
755;52.50;11.50;True;False;False;False;108;0.50;18.50;False;True;False;False;1;609.1106170970634;0;609.1106170970634;609.1106170970634
755;52.50;11.50;True;False;False;False;124;0.50;24.50;False;True;False;False;1;532.747445230736;0;532.747445230736;532.747445230736
755;52.50;11.50;True;False;False;False;352;45.50;2.50;True;False;False;False;1;17.565181193351236;0;17.565181193351236;17.565181193351236
755;52.50;11.50;True;False;False;False;548;21.50;7.50;True;False;False;False;1;30.447590194949953;0;30.447590194949953;30.447590194949953
755;52.50;11.50;True;False;False;False;578;51.50;7.50;True;False;False;False;1;9.586944042714094;0;9.586944042714094;9.586944042714094
755;52.50;11.50;True;False;False;False;622;51.50;8.50;True;False;False;False;1;9.069273638742743;0;9.069273638742743;9.069273638742743
755;52.50;11.50;True;False;False;False;711;52.50;10.50;True;False;False;False;1;4.448688527121703;0;4.448688527121703;4.448688527121703
755;52.50;11.50;True;False;False;False;722;19.50;11.50;True;False;False;False;1;25.657375986225816;0;25.657375986225816;25.657375986225816
755;52.50;11.50;True;False;False;False;733;30.50;11.50;True;False;False;False;1;26.095093791409454;0;26.095093791409454;26.095093791409454
755;52.50;11.50;True;False;False;False;734;31.50;11.50;True;False;False;False;2;27.29215095474774;57.706059044793825;21.920649346966457;32.66365256252902
755;52.50;11.50;True;False;False;False;737;34.50;11.50;True;False;False;False;1;14.779725818683005;0;14.779725818683005;14.779725818683005
755;52.50;11.50;True;False;False;False;749;46.50;11.50;True;False;False;False;1;13.43601012675208;0;13.43601012675208;13.43601012675208
755;52.50;11.50;True;False;False;False;807;16.50;13.50;True;False;False;False;1;32.442276069927175;0;32.442276069927175;32.442276069927175
755;52.50;11.50;True;False;False;False;820;29.50;13.50;True;False;False;False;1;38.87443725151388;0;38.87443725151388;38.87443725151388
755;52.50;11.50;True;False;False;False;821;30.50;13.50;True;False;False;False;2;25.207178922963067;1.0643047364111198;24.477691179265094;25.93666666666104
755;52.50;11.50;True;False;False;False;822;31.50;13.50;True;False;False;False;3;27.577596055148206;81.5087980417594;22.32907647171487;38.0024058068675
755;52.50;11.50;True;False;False;False;843;52.50;13.50;True;False;False;False;1;5.317683986360862;0;5.317683986360862;5.317683986360862
755;52.50;11.50;True;False;False;False;864;29.50;14.50;True;False;False;False;1;24.943242736644606;0;24.943242736644606;24.943242736644606
755;52.50;11.50;True;False;False;False;865;30.50;14.50;True;False;False;False;1;31.211111111109858;0;31.211111111109858;31.211111111109858
755;52.50;11.50;True;False;False;False;877;42.50;14.50;True;False;False;False;1;16.150468957061094;0;16.150468957061094;16.150468957061094
755;52.50;11.50;True;False;False;False;1018;51.50;17.50;True;False;False;False;1;11.126111111110731;0;11.126111111110731;11.126111111110731
800;9.50;13.50;True;False;False;False;12;61.50;3.50;False;False;True;False;1;76.2871236292558;0;76.2871236292558;76.2871236292558
800;9.50;13.50;True;False;False;False;60;61.50;21.50;False;False;True;False;1;63.68128830627029;0;63.68128830627029;63.68128830627029
800;9.50;13.50;True;False;False;False;92;0.50;12.50;False;True;False;False;1;287.34222061532097;0;287.34222061532097;287.34222061532097
800;9.50;13.50;True;False;False;False;620;49.50;8.50;True;False;False;False;1;40.21860831808954;0;40.21860831808954;40.21860831808954
800;9.50;13.50;True;False;False;False;823;32.50;13.50;True;False;False;False;1;18.673518524875703;0;18.673518524875703;18.673518524875703
800;9.50;13.50;True;False;False;False;1006;39.50;17.50;True;False;False;False;1;41.362029837855516;0;41.362029837855516;41.362029837855516
802;11.50;13.50;True;False;False;False;12;61.50;3.50;False;False;True;False;1;66.66130188867464;0;66.66130188867464;66.66130188867464
802;11.50;13.50;True;False;False;False;28;61.50;9.50;False;False;True;False;2;124.4916526730849;1114.5828475442415;100.88463202726598;148.09867331890382
802;11.50;13.50;True;False;False;False;60;61.50;21.50;False;False;True;False;3;98.99833466605257;1166.5700983207555;60.01018038989423;123.64148627675422
802;11.50;13.50;True;False;False;False;473;34.50;5.50;True;False;False;False;1;28.86916626493803;0;28.86916626493803;28.86916626493803
802;11.50;13.50;True;False;False;False;608;37.50;8.50;True;False;False;False;1;28.60129869393313;0;28.60129869393313;28.60129869393313
802;11.50;13.50;True;False;False;False;613;42.50;8.50;True;False;False;False;1;33.77724326208772;0;33.77724326208772;33.77724326208772
802;11.50;13.50;True;False;False;False;738;35.50;11.50;True;False;False;False;1;31.82499999999345;0;31.82499999999345;31.82499999999345
802;11.50;13.50;True;False;False;False;800;9.50;13.50;True;False;False;False;1;4.9967572633440795;0;4.9967572633440795;4.9967572633440795
802;11.50;13.50;True;False;False;False;1102;47.50;19.50;True;False;False;False;1;34.73278097252478;0;34.73278097252478;34.73278097252478
802;11.50;13.50;True;False;False;False;1282;51.50;23.50;True;False;False;False;1;42.511371710035746;0;42.511371710035746;42.511371710035746
803;12.50;13.50;True;False;False;False;28;61.50;9.50;False;False;True;False;2;70.94541527015008;151.7845127436446;62.233799095649374;79.65703144465078
803;12.50;13.50;True;False;False;False;60;61.50;21.50;False;False;True;False;1;82.6728723726319;0;82.6728723726319;82.6728723726319
803;12.50;13.50;True;False;False;False;468;29.50;5.50;True;False;False;False;1;24.385187582818617;0;24.385187582818617;24.385187582818617
803;12.50;13.50;True;False;False;False;559;32.50;7.50;True;False;False;False;1;25.56166666666286;0;25.56166666666286;25.56166666666286
803;12.50;13.50;True;False;False;False;738;35.50;11.50;True;False;False;False;1;33.709811613720376;0;33.709811613720376;33.709811613720376
805;14.50;13.50;True;False;False;False;12;61.50;3.50;False;False;True;False;1;101.77287556736337;0;101.77287556736337;101.77287556736337
805;14.50;13.50;True;False;False;False;28;61.50;9.50;False;False;True;False;1;52.239247277415416;0;52.239247277415416;52.239247277415416
805;14.50;13.50;True;False;False;False;336;29.50;2.50;True;False;False;False;1;28.90685424948242;0;28.90685424948242;28.90685424948242
805;14.50;13.50;True;False;False;False;490;51.50;5.50;True;False;False;False;1;54.81666666665478;0;54.81666666665478;54.81666666665478
805;14.50;13.50;True;False;False;False;752;49.50;11.50;True;False;False;False;1;32.14389288707548;0;32.14389288707548;32.14389288707548
807;16.50;13.50;True;False;False;False;28;61.50;9.50;False;False;True;False;2;120.65491780140292;388.1260048409751;106.72426805271971;134.58556755008613
807;16.50;13.50;True;False;False;False;44;61.50;15.50;False;False;True;False;1;58.857503596464085;0;58.857503596464085;58.857503596464085
807;16.50;13.50;True;False;False;False;999;32.50;17.50;True;False;False;False;1;20.370093791414547;0;20.370093791414547;20.370093791414547
807;16.50;13.50;True;False;False;False;1128;29.50;20.50;True;False;False;False;1;20.80277777777519;0;20.80277777777519;20.80277777777519
807;16.50;13.50;True;False;False;False;1231;44.50;22.50;True;False;False;False;1;31.581488668049133;0;31.581488668049133;31.581488668049133
808;17.50;13.50;True;False;False;False;28;61.50;9.50;False;False;True;False;1;101.39861790231225;0;101.39861790231225;101.39861790231225
808;17.50;13.50;True;False;False;False;44;61.50;15.50;False;False;True;False;1;122.67731681707664;0;122.67731681707664;122.67731681707664
808;17.50;13.50;True;False;False;False;60;61.50;21.50;False;False;True;False;1;142.22617450486246;0;142.22617450486246;142.22617450486246
808;17.50;13.50;True;False;False;False;605;34.50;8.50;True;False;False;False;1;27.57352091615917;0;27.57352091615917;27.57352091615917
808;17.50;13.50;True;False;False;False;875;40.50;14.50;True;False;False;False;1;40.20685105475059;0;40.20685105475059;40.20685105475059
808;17.50;13.50;True;False;False;False;1415;52.50;26.50;True;False;False;False;1;38.64743138380891;0;38.64743138380891;38.64743138380891
810;19.50;13.50;True;False;False;False;28;61.50;9.50;False;False;True;False;2;100.19694165142027;7.318897387326565;98.283973096095;102.10991020674555
810;19.50;13.50;True;False;False;False;44;61.50;15.50;False;False;True;False;1;87.04093871757141;0;87.04093871757141;87.04093871757141
810;19.50;13.50;True;False;False;False;426;31.50;4.50;True;False;False;False;1;29.258896081797502;0;29.258896081797502;29.258896081797502
810;19.50;13.50;True;False;False;False;577;50.50;7.50;True;False;False;False;1;57.04588280016105;0;57.04588280016105;57.04588280016105
810;19.50;13.50;True;False;False;False;1105;50.50;19.50;True;False;False;False;1;31.490472151795984;0;31.490472151795984;31.490472151795984
811;20.50;13.50;True;False;False;False;28;61.50;9.50;False;False;True;False;2;106.57922275437431;1315.831139642036;80.92935784593828;132.22908766281034
811;20.50;13.50;True;False;False;False;44;61.50;15.50;False;False;True;False;1;57.509628029085434;0;57.509628029085434;57.509628029085434
811;20.50;13.50;True;False;False;False;691;32.50;10.50;True;False;False;False;1;17.28229738103073;0;17.28229738103073;17.28229738103073
811;20.50;13.50;True;False;False;False;1412;49.50;26.50;True;False;False;False;1;35.86000719292133;0;35.86000719292133;35.86000719292133
811;20.50;13.50;True;False;False;False;1415;52.50;26.50;True;False;False;False;1;37.54170102450371;0;37.54170102450371;37.54170102450371
812;21.50;13.50;True;False;False;False;12;61.50;3.50;False;False;True;False;1;172.1893298777686;0;172.1893298777686;172.1893298777686
812;21.50;13.50;True;False;False;False;1096;41.50;19.50;True;False;False;False;1;24.96546495887378;0;24.96546495887378;24.96546495887378
813;22.50;13.50;True;False;False;False;28;61.50;9.50;False;False;True;False;2;74.66977071527435;47.37503828153216;69.80278816540158;79.53675326514713
813;22.50;13.50;True;False;False;False;60;61.50;21.50;False;False;True;False;3;96.57606803244319;453.77857421311415;72.17472262393858;111.46176045808534
813;22.50;13.50;True;False;False;False;488;49.50;5.50;True;False;False;False;1;31.873604319933293;0;31.873604319933293;31.873604319933293
813;22.50;13.50;True;False;False;False;622;51.50;8.50;True;False;False;False;1;30.454725818683983;0;30.454725818683983;30.454725818683983
813;22.50;13.50;True;False;False;False;835;44.50;13.50;True;False;False;False;1;24.69600851987707;0;24.69600851987707;24.69600851987707
813;22.50;13.50;True;False;False;False;1146;47.50;20.50;True;False;False;False;1;28.454632027267508;0;28.454632027267508;28.454632027267508
813;22.50;13.50;True;False;False;False;1365;46.50;25.50;True;False;False;False;1;31.15324673484065;0;31.15324673484065;31.15324673484065
815;24.50;13.50;True;False;False;False;60;61.50;21.50;False;False;True;False;1;162.83334771916634;0;162.83334771916634;162.83334771916634
816;25.50;13.50;True;False;False;False;28;61.50;9.50;False;False;True;False;3;131.4334228971608;1382.3699658919386;108.03113092384774;174.30538077072197
816;25.50;13.50;True;False;False;False;44;61.50;15.50;False;False;True;False;1;107.45009459486664;0;107.45009459486664;107.45009459486664
816;25.50;13.50;True;False;False;False;608;37.50;8.50;True;False;False;False;1;30.65874012810127;0;30.65874012810127;30.65874012810127
816;25.50;13.50;True;False;False;False;1007;40.50;17.50;True;False;False;False;1;19.603051959095865;0;19.603051959095865;19.603051959095865
816;25.50;13.50;True;False;False;False;1014;47.50;17.50;True;False;False;False;1;24.723148945246066;0;24.723148945246066;24.723148945246066
817;26.50;13.50;True;False;False;False;28;61.50;9.50;False;False;True;False;1;106.09102131787586;0;106.09102131787586;106.09102131787586
818;27.50;13.50;True;False;False;False;28;61.50;9.50;False;False;True;False;2;120.49031134155308;513.1127090473186;104.47293469855504;136.50768798455113
818;27.50;13.50;True;False;False;False;60;61.50;21.50;False;False;True;False;1;121.8408313437576;0;121.8408313437576;121.8408313437576
818;27.50;13.50;True;False;False;False;294;31.50;1.50;True;False;False;False;1;18.407496403531695;0;18.407496403531695;18.407496403531695
818;27.50;13.50;True;False;False;False;341;34.50;2.50;True;False;False;False;1;31.143336528069426;0;31.143336528069426;31.143336528069426
818;27.50;13.50;True;False;False;False;471;32.50;5.50;True;False;False;False;1;16.274264054540254;0;16.274264054540254;16.274264054540254
818;27.50;13.50;True;False;False;False;574;47.50;7.50;True;False;False;False;1;24.583982680301858;0;24.583982680301858;24.583982680301858
818;27.50;13.50;True;False;False;False;704;45.50;10.50;True;False;False;False;1;22.25463202726678;0;22.25463202726678;22.25463202726678
818;27.50;13.50;True;False;False;False;708;49.50;10.50;True;False;False;False;1;23.732038637579535;0;23.732038637579535;23.732038637579535
818;27.50;13.50;True;False;False;False;872;37.50;14.50;True;False;False;False;1;13.354667490963038;0;13.354667490963038;13.354667490963038
818;27.50;13.50;True;False;False;False;975;52.50;16.50;True;False;False;False;1;26.937222222222317;0;26.937222222222317;26.937222222222317
818;27.50;13.50;True;False;False;False;999;32.50;17.50;True;False;False;False;1;13.655470563957351;0;13.655470563957351;13.655470563957351
818;27.50;13.50;True;False;False;False;1004;37.50;17.50;True;False;False;False;1;21.936111111106584;0;21.936111111106584;21.936111111106584
820;29.50;13.50;True;False;False;False;28;61.50;9.50;False;False;True;False;1;89.43518838627733;0;89.43518838627733;89.43518838627733
820;29.50;13.50;True;False;False;False;44;61.50;15.50;False;False;True;False;1;128.2301268067713;0;128.2301268067713;128.2301268067713
820;29.50;13.50;True;False;False;False;304;41.50;1.50;True;False;False;False;1;23.09080415993958;0;23.09080415993958;23.09080415993958
820;29.50;13.50;True;False;False;False;315;52.50;1.50;True;False;False;False;1;33.110844444472605;0;33.110844444472605;33.110844444472605
820;29.50;13.50;True;False;False;False;329;22.50;2.50;True;False;False;False;1;18.76184786002159;0;18.76184786002159;18.76184786002159
820;29.50;13.50;True;False;False;False;346;39.50;2.50;True;False;False;False;1;20.74249718792271;0;20.74249718792271;20.74249718792271
820;29.50;13.50;True;False;False;False;349;42.50;2.50;True;False;False;False;1;32.354350653031815;0;32.354350653031815;32.354350653031815
820;29.50;13.50;True;False;False;False;416;21.50;4.50;True;False;False;False;1;18.738034378493467;0;18.738034378493467;18.738034378493467
820;29.50;13.50;True;False;False;False;427;32.50;4.50;True;False;False;False;1;15.11926405453778;0;15.11926405453778;15.11926405453778
820;29.50;13.50;True;False;False;False;429;34.50;4.50;True;False;False;False;1;16.5319448461687;0;16.5319448461687;16.5319448461687
820;29.50;13.50;True;False;False;False;430;35.50;4.50;True;False;False;False;1;20.351389290611678;0;20.351389290611678;20.351389290611678
820;29.50;13.50;True;False;False;False;432;37.50;4.50;True;False;False;False;1;19.567029053359875;0;19.567029053359875;19.567029053359875
820;29.50;13.50;True;False;False;False;439;44.50;4.50;True;False;False;False;1;24.077188110048155;0;24.077188110048155;24.077188110048155
820;29.50;13.50;True;False;False;False;460;21.50;5.50;True;False;False;False;1;17.66907966644976;0;17.66907966644976;17.66907966644976
820;29.50;13.50;True;False;False;False;471;32.50;5.50;True;False;False;False;2;14.92577255720471;0.15261080058375476;14.64953823585438;15.20200687855504
820;29.50;13.50;True;False;False;False;476;37.50;5.50;True;False;False;False;1;17.87195123564743;0;17.87195123564743;17.87195123564743
820;29.50;13.50;True;False;False;False;488;49.50;5.50;True;False;False;False;1;25.507958971131302;0;25.507958971131302;25.507958971131302
820;29.50;13.50;True;False;False;False;489;50.50;5.50;True;False;False;False;1;32.547128430811426;0;32.547128430811426;32.547128430811426
820;29.50;13.50;True;False;False;False;490;51.50;5.50;True;False;False;False;1;27.43297255352445;0;27.43297255352445;27.43297255352445
820;29.50;13.50;True;False;False;False;491;52.50;5.50;True;False;False;False;1;31.8890493069448;0;31.8890493069448;31.8890493069448
820;29.50;13.50;True;False;False;False;547;20.50;7.50;True;False;False;False;1;17.00038155512084;0;17.00038155512084;17.00038155512084
820;29.50;13.50;True;False;False;False;561;34.50;7.50;True;False;False;False;1;17.713888888887595;0;17.713888888887595;17.713888888887595
820;29.50;13.50;True;False;False;False;562;35.50;7.50;True;False;False;False;2;17.179355846864837;5.266781718400378;15.556583262920867;18.802128430808807
820;29.50;13.50;True;False;False;False;563;36.50;7.50;True;False;False;False;1;16.554538235850487;0;16.554538235850487;16.554538235850487
820;29.50;13.50;True;False;False;False;564;37.50;7.50;True;False;False;False;1;21.423427124744194;0;21.423427124744194;21.423427124744194
820;29.50;13.50;True;False;False;False;566;39.50;7.50;True;False;False;False;1;18.68370769552712;0;18.68370769552712;18.68370769552712
820;29.50;13.50;True;False;False;False;568;41.50;7.50;True;False;False;False;1;23.393252604437293;0;23.393252604437293;23.393252604437293
820;29.50;13.50;True;False;False;False;571;44.50;7.50;True;False;False;False;2;23.041619770961233;3.8238893844617703;21.658888888890942;24.424350653031524
820;29.50;13.50;True;False;False;False;572;45.50;7.50;True;False;False;False;1;21.96574313838164;0;21.96574313838164;21.96574313838164
820;29.50;13.50;True;False;False;False;573;46.50;7.50;True;False;False;False;3;25.440380228744136;22.182866650172944;22.635941108848783;30.87796935878987
820;29.50;13.50;True;False;False;False;574;47.50;7.50;True;False;False;False;4;27.825999673007175;11.14738276392354;23.941925658735272;31.837223025673893
820;29.50;13.50;True;False;False;False;577;50.50;7.50;True;False;False;False;2;47.166715963191905;723.193285687219;28.151021317883533;66.18241060850028
820;29.50;13.50;True;False;False;False;578;51.50;7.50;True;False;False;False;1;27.03010098433151;0;27.03010098433151;27.03010098433151
820;29.50;13.50;True;False;False;False;600;29.50;8.50;True;False;False;False;1;7.302777777775191;0;7.302777777775191;7.302777777775191
820;29.50;13.50;True;False;False;False;601;30.50;8.50;True;False;False;False;1;11.116111111110513;0;11.116111111110513;11.116111111110513
820;29.50;13.50;True;False;False;False;605;34.50;8.50;True;False;False;False;1;14.897871569184645;0;14.897871569184645;14.897871569184645
820;29.50;13.50;True;False;False;False;606;35.50;8.50;True;False;False;False;1;24.564909403321508;0;24.564909403321508;24.564909403321508
820;29.50;13.50;True;False;False;False;608;37.50;8.50;True;False;False;False;5;17.194826863535127;3.1400007134832633;15.949632027273765;20.17860751465014
820;29.50;13.50;True;False;False;False;611;40.50;8.50;True;False;False;False;1;18.16518758282291;0;18.16518758282291;18.16518758282291
820;29.50;13.50;True;False;False;False;620;49.50;8.50;True;False;False;False;1;28.003795097472903;0;28.003795097472903;28.003795097472903
820;29.50;13.50;True;False;False;False;622;51.50;8.50;True;False;False;False;1;37.83056513976044;0;37.83056513976044;37.83056513976044
820;29.50;13.50;True;False;False;False;623;52.50;8.50;True;False;False;False;1;31.096254752133973;0;31.096254752133973;31.096254752133973
820;29.50;13.50;True;False;False;False;680;21.50;10.50;True;False;False;False;1;14.980555555550382;0;14.980555555550382;14.980555555550382
820;29.50;13.50;True;False;False;False;691;32.50;10.50;True;False;False;False;1;13.920833735061024;0;13.920833735061024;13.920833735061024
820;29.50;13.50;True;False;False;False;695;36.50;10.50;True;False;False;False;1;15.005845729559951;0;15.005845729559951;15.005845729559951
820;29.50;13.50;True;False;False;False;696;37.50;10.50;True;False;False;False;2;18.67662256396943;4.531440016677253;17.171391681898967;20.181853446039895
820;29.50;13.50;True;False;False;False;699;40.50;10.50;True;False;False;False;1;16.58676045807806;0;16.58676045807806;16.58676045807806
820;29.50;13.50;True;False;False;False;701;42.50;10.50;True;False;False;False;1;17.955555555556202;0;17.955555555556202;17.955555555556202
820;29.50;13.50;True;False;False;False;703;44.50;10.50;True;False;False;False;1;23.99220783639612;0;23.99220783639612;23.99220783639612
820;29.50;13.50;True;False;False;False;705;46.50;10.50;True;False;False;False;1;21.179999999996653;0;21.179999999996653;21.179999999996653
820;29.50;13.50;True;False;False;False;706;47.50;10.50;True;False;False;False;2;23.582838412035926;9.957208375338855;21.35155981274147;25.81411701133038
820;29.50;13.50;True;False;False;False;711;52.50;10.50;True;False;False;False;3;28.15910693841738;28.779352405760026;25.041851054757217;34.35361551100141
820;29.50;13.50;True;False;False;False;727;24.50;11.50;True;False;False;False;1;11.334443905327134;0;11.334443905327134;11.334443905327134
820;29.50;13.50;True;False;False;False;735;32.50;11.50;True;False;False;False;1;16.55491340151275;0;16.55491340151275;16.55491340151275
820;29.50;13.50;True;False;False;False;748;45.50;11.50;True;False;False;False;3;23.588580249031036;19.966663295416055;19.620930721208424;28.428973096096115
820;29.50;13.50;True;False;False;False;749;46.50;11.50;True;False;False;False;2;26.48792006225267;116.39564699563911;18.85917026311654;34.1166698613888
820;29.50;13.50;True;False;False;False;754;51.50;11.50;True;False;False;False;1;27.375090596673544;0;27.375090596673544;27.375090596673544
820;29.50;13.50;True;False;False;False;755;52.50;11.50;True;False;False;False;2;24.35143938105648;0.73396313080382;23.745649346967184;24.957229415145775
820;29.50;13.50;True;False;False;False;803;12.50;13.50;True;False;False;False;1;16.338888888887595;0;16.338888888887595;16.338888888887595
820;29.50;13.50;True;False;False;False;808;17.50;13.50;True;False;False;False;1;11.517219027500687;0;11.517219027500687;11.517219027500687
820;29.50;13.50;True;False;False;False;810;19.50;13.50;True;False;False;False;1;9.777777777781012;0;9.777777777781012;9.777777777781012
820;29.50;13.50;True;False;False;False;816;25.50;13.50;True;False;False;False;1;6.58676045807988;0;6.58676045807988;6.58676045807988
820;29.50;13.50;True;False;False;False;823;32.50;13.50;True;False;False;False;1;12.043333333329429;0;12.043333333329429;12.043333333329429
820;29.50;13.50;True;False;False;False;828;37.50;13.50;True;False;False;False;2;12.763147749597465;22.250668935963123;9.4276815950725;16.09861390412243
820;29.50;13.50;True;False;False;False;831;40.50;13.50;True;False;False;False;1;17.28716634300872;0;17.28716634300872;17.28716634300872
820;29.50;13.50;True;False;False;False;835;44.50;13.50;True;False;False;False;4;20.262823473053913;7.270015245596259;16.60555555555038;22.94610791629566
820;29.50;13.50;True;False;False;False;836;45.50;13.50;True;False;False;False;1;24.97268798454752;0;24.97268798454752;24.97268798454752
820;29.50;13.50;True;False;False;False;837;46.50;13.50;True;False;False;False;1;21.510180389905145;0;21.510180389905145;21.510180389905145
820;29.50;13.50;True;False;False;False;838;47.50;13.50;True;False;False;False;1;22.39666586321482;0;22.39666586321482;22.39666586321482
820;29.50;13.50;True;False;False;False;840;49.50;13.50;True;False;False;False;2;22.779421670026977;3.8761699564289187;21.387270464800167;24.171572875253787
820;29.50;13.50;True;False;False;False;841;50.50;13.50;True;False;False;False;1;27.98416706838907;0;27.98416706838907;27.98416706838907
820;29.50;13.50;True;False;False;False;842;51.50;13.50;True;False;False;False;1;18.734435124788433;0;18.734435124788433;18.734435124788433
820;29.50;13.50;True;False;False;False;860;25.50;14.50;True;False;False;False;1;9.883167073890945;0;9.883167073890945;9.883167073890945
820;29.50;13.50;True;False;False;False;866;31.50;14.50;True;False;False;False;1;7.765274181314453;0;7.765274181314453;7.765274181314453
820;29.50;13.50;True;False;False;False;867;32.50;14.50;True;False;False;False;2;9.435651346064333;0.027437202010636572;9.318524914353475;9.55277777777519
820;29.50;13.50;True;False;False;False;872;37.50;14.50;True;False;False;False;2;24.56871009635097;49.18112634002644;19.60982280482949;29.527597387872447
820;29.50;13.50;True;False;False;False;881;46.50;14.50;True;False;False;False;1;22.84000319473671;0;22.84000319473671;22.84000319473671
820;29.50;13.50;True;False;False;False;882;47.50;14.50;True;False;False;False;3;21.934848476254576;17.27752436008051;18.354174261303342;26.493145750507892
820;29.50;13.50;True;False;False;False;884;49.50;14.50;True;False;False;False;1;21.05046895705891;0;21.05046895705891;21.05046895705891
820;29.50;13.50;True;False;False;False;887;52.50;14.50;True;False;False;False;2;42.15515080524233;272.11273448541556;30.49083054031871;53.819471070165946
820;29.50;13.50;True;False;False;False;947;24.50;16.50;True;False;False;False;1;12.968433514211938;0;12.968433514211938;12.968433514211938
820;29.50;13.50;True;False;False;False;954;31.50;16.50;True;False;False;False;1;10.635094594857947;0;10.635094594857947;10.635094594857947
820;29.50;13.50;True;False;False;False;955;32.50;16.50;True;False;False;False;2;11.416204902518075;0.10166601418249076;11.190743138373364;11.641666666662786
820;29.50;13.50;True;False;False;False;957;34.50;16.50;True;False;False;False;1;32.08750998593314;0;32.08750998593314;32.08750998593314
820;29.50;13.50;True;False;False;False;963;40.50;16.50;True;False;False;False;1;16.992965360603193;0;16.992965360603193;16.992965360603193
820;29.50;13.50;True;False;False;False;965;42.50;16.50;True;False;False;False;3;24.342838972654135;122.78563221068751;17.741666666668607;37.13573914019071
820;29.50;13.50;True;False;False;False;968;45.50;16.50;True;False;False;False;1;21.423135362852918;0;21.423135362852918;21.423135362852918
820;29.50;13.50;True;False;False;False;970;47.50;16.50;True;False;False;False;1;21.671392485346587;0;21.671392485346587;21.671392485346587
820;29.50;13.50;True;False;False;False;975;52.50;16.50;True;False;False;False;1;30.716298693932913;0;30.716298693932913;30.716298693932913
820;29.50;13.50;True;False;False;False;987;20.50;17.50;True;False;False;False;1;16.51112974370517;0;16.51112974370517;16.51112974370517
820;29.50;13.50;True;False;False;False;988;21.50;17.50;True;False;False;False;1;15.73018119335029;0;15.73018119335029;15.73018119335029
820;29.50;13.50;True;False;False;False;989;22.50;17.50;True;False;False;False;1;14.310834538516247;0;14.310834538516247;14.310834538516247
820;29.50;13.50;True;False;False;False;992;25.50;17.50;True;False;False;False;1;11.794729013428878;0;11.794729013428878;11.794729013428878
820;29.50;13.50;True;False;False;False;996;29.50;17.50;True;False;False;False;1;6.591763652815189;0;6.591763652815189;6.591763652815189
820;29.50;13.50;True;False;False;False;999;32.50;17.50;True;False;False;False;2;19.049260458082244;64.21167448160183;13.383059152021815;24.715461764142674
820;29.50;13.50;True;False;False;False;1001;34.50;17.50;True;False;False;False;1;16.79852091616158;0;16.79852091616158;16.79852091616158
820;29.50;13.50;True;False;False;False;1006;39.50;17.50;True;False;False;False;3;23.701483082028364;81.43468291625368;16.938330942054563;33.948152943430614
820;29.50;13.50;True;False;False;False;1007;40.50;17.50;True;False;False;False;2;18.12453304203018;0.20873184810878528;17.801475889107678;18.44759019495268
820;29.50;13.50;True;False;False;False;1008;41.50;17.50;True;False;False;False;1;30.304535041122108;0;30.304535041122108;30.304535041122108
820;29.50;13.50;True;False;False;False;1009;42.50;17.50;True;False;False;False;3;24.8210349066253;33.196257609166935;19.892037834122675;31.155287763710476
820;29.50;13.50;True;False;False;False;1011;44.50;17.50;True;False;False;False;3;23.496846253122083;9.690219362587037;20.512018646657452;26.723711693717632
820;29.50;13.50;True;False;False;False;1012;45.50;17.50;True;False;False;False;4;23.66801085504858;1.5428243915836606;22.328427124746668;25.247493189790475
820;29.50;13.50;True;False;False;False;1014;47.50;17.50;True;False;False;False;2;24.232045428782158;9.558132131278706;22.04593791412526;26.418152943439054
820;29.50;13.50;True;False;False;False;1016;49.50;17.50;True;False;False;False;4;28.91220176824322;21.019687395270992;23.923434317672218;33.75685503388013
820;29.50;13.50;True;False;False;False;1017;50.50;17.50;True;False;False;False;2;26.284349296302025;5.55246851208086;24.618145750500844;27.950552842103207
820;29.50;13.50;True;False;False;False;1019;52.50;17.50;True;False;False;False;3;30.505537880481523;30.868115261235143;25.572962165864737;36.524344263556486
820;29.50;13.50;True;False;False;False;1081;26.50;19.50;True;False;False;False;1;13.141932048212766;0;13.141932048212766;13.141932048212766
820;29.50;13.50;True;False;False;False;1087;32.50;19.50;True;False;False;False;1;17.317412999778753;0;17.317412999778753;17.317412999778753
820;29.50;13.50;True;False;False;False;1090;35.50;19.50;True;False;False;False;1;18.205555555555748;0;18.205555555555748;18.205555555555748
820;29.50;13.50;True;False;False;False;1092;37.50;19.50;True;False;False;False;1;17.04629869393716;0;17.04629869393716;17.04629869393716
820;29.50;13.50;True;False;False;False;1096;41.50;19.50;True;False;False;False;1;19.04712843080779;0;19.04712843080779;19.04712843080779
820;29.50;13.50;True;False;False;False;1097;42.50;19.50;True;False;False;False;1;25.87537516564953;0;25.87537516564953;25.87537516564953
820;29.50;13.50;True;False;False;False;1099;44.50;19.50;True;False;False;False;2;23.565741541012812;0.32595206847603997;23.162038637582555;23.96944444444307
820;29.50;13.50;True;False;False;False;1100;45.50;19.50;True;False;False;False;1;27.247309624174704;0;27.247309624174704;27.247309624174704
820;29.50;13.50;True;False;False;False;1104;49.50;19.50;True;False;False;False;4;30.377710031132835;23.158858559618768;25.318059152017668;36.60601012677762
820;29.50;13.50;True;False;False;False;1128;29.50;20.50;True;False;False;False;1;28.267134035905656;0;28.267134035905656;28.267134035905656
820;29.50;13.50;True;False;False;False;1129;30.50;20.50;True;False;False;False;1;11.79499760870749;0;11.79499760870749;11.79499760870749
820;29.50;13.50;True;False;False;False;1139;40.50;20.50;True;False;False;False;1;22.268795097474595;0;22.268795097474595;22.268795097474595
820;29.50;13.50;True;False;False;False;1140;41.50;20.50;True;False;False;False;1;22.829267249264376;0;22.829267249264376;22.829267249264376
820;29.50;13.50;True;False;False;False;1144;45.50;20.50;True;False;False;False;1;23.805281374228798;0;23.805281374228798;23.805281374228798
820;29.50;13.50;True;False;False;False;1150;51.50;20.50;True;False;False;False;1;27.73832614041021;0;27.73832614041021;27.73832614041021
820;29.50;13.50;True;False;False;False;1216;29.50;22.50;True;False;False;False;1;19.237868374453683;0;19.237868374453683;19.237868374453683
820;29.50;13.50;True;False;False;False;1218;31.50;22.50;True;False;False;False;1;16.18989101930856;0;16.18989101930856;16.18989101930856
820;29.50;13.50;True;False;False;False;1219;32.50;22.50;True;False;False;False;1;26.984177456037287;0;26.984177456037287;26.984177456037287
820;29.50;13.50;True;False;False;False;1227;40.50;22.50;True;False;False;False;1;20.05953875573323;0;20.05953875573323;20.05953875573323
820;29.50;13.50;True;False;False;False;1229;42.50;22.50;True;False;False;False;1;37.984167068395436;0;37.984167068395436;37.984167068395436
820;29.50;13.50;True;False;False;False;1239;52.50;22.50;True;False;False;False;2;29.169955103384723;0.40224857691228133;28.721486276757787;29.61842393001166
820;29.50;13.50;True;False;False;False;1246;15.50;23.50;True;False;False;False;1;22.7420223226909;0;22.7420223226909;22.7420223226909
820;29.50;13.50;True;False;False;False;1278;47.50;23.50;True;False;False;False;1;28.27239674250086;0;28.27239674250086;28.27239674250086
820;29.50;13.50;True;False;False;False;1280;49.50;23.50;True;False;False;False;1;28.191760458081262;0;28.191760458081262;28.191760458081262
820;29.50;13.50;True;False;False;False;1282;51.50;23.50;True;False;False;False;1;33.808518524868305;0;33.808518524868305;33.808518524868305
820;29.50;13.50;True;False;False;False;1350;31.50;25.50;True;False;False;False;1;17.19371089027345;0;17.19371089027345;17.19371089027345
820;29.50;13.50;True;False;False;False;1351;32.50;25.50;True;False;False;False;1;20.14777777776908;0;20.14777777776908;20.14777777776908
820;29.50;13.50;True;False;False;False;1361;42.50;25.50;True;False;False;False;2;25.633982680296867;0.4636442163612939;25.152503596451425;26.11546176414231
820;29.50;13.50;True;False;False;False;1368;49.50;25.50;True;False;False;False;1;34.23342393001076;0;34.23342393001076;34.23342393001076
820;29.50;13.50;True;False;False;False;1369;50.50;25.50;True;False;False;False;1;33.91968790648025;0;33.91968790648025;33.91968790648025
820;29.50;13.50;True;False;False;False;1378;15.50;26.50;True;False;False;False;1;25.380552360809816;0;25.380552360809816;25.380552360809816
820;29.50;13.50;True;False;False;False;1408;45.50;26.50;True;False;False;False;1;28.949834799384462;0;28.949834799384462;28.949834799384462
821;30.50;13.50;True;False;False;False;28;61.50;9.50;False;False;True;False;1;165.30213323244425;0;165.30213323244425;165.30213323244425
821;30.50;13.50;True;False;False;False;274;11.50;1.50;True;False;False;False;1;28.167035442849738;0;28.167035442849738;28.167035442849738
821;30.50;13.50;True;False;False;False;283;20.50;1.50;True;False;False;False;1;21.625;0;21.625;21.625
821;30.50;13.50;True;False;False;False;290;27.50;1.50;True;False;False;False;1;16.67852571779622;0;16.67852571779622;16.67852571779622
821;30.50;13.50;True;False;False;False;297;34.50;1.50;True;False;False;False;1;18.22241699796905;0;18.22241699796905;18.22241699796905
821;30.50;13.50;True;False;False;False;299;36.50;1.50;True;False;False;False;1;19.297784167251848;0;19.297784167251848;19.297784167251848
821;30.50;13.50;True;False;False;False;304;41.50;1.50;True;False;False;False;1;23.33953504112833;0;23.33953504112833;23.33953504112833
821;30.50;13.50;True;False;False;False;307;44.50;1.50;True;False;False;False;1;24.34408259661359;0;24.34408259661359;24.34408259661359
821;30.50;13.50;True;False;False;False;310;47.50;1.50;True;False;False;False;1;26.27450432185651;0;26.27450432185651;26.27450432185651
821;30.50;13.50;True;False;False;False;315;52.50;1.50;True;False;False;False;1;30.370093791416366;0;30.370093791416366;30.370093791416366
821;30.50;13.50;True;False;False;False;329;22.50;2.50;True;False;False;False;1;21.150880351704473;0;21.150880351704473;21.150880351704473
821;30.50;13.50;True;False;False;False;339;32.50;2.50;True;False;False;False;1;15.744000260852772;0;15.744000260852772;15.744000260852772
821;30.50;13.50;True;False;False;False;348;41.50;2.50;True;False;False;False;1;21.228051959093136;0;21.228051959093136;21.228051959093136
821;30.50;13.50;True;False;False;False;352;45.50;2.50;True;False;False;False;1;24.216662668482968;0;24.216662668482968;24.216662668482968
821;30.50;13.50;True;False;False;False;412;17.50;4.50;True;False;False;False;1;22.892594193137484;0;22.892594193137484;22.892594193137484
821;30.50;13.50;True;False;False;False;422;27.50;4.50;True;False;False;False;1;15.783286177633272;0;15.783286177633272;15.783286177633272
821;30.50;13.50;True;False;False;False;425;30.50;4.50;True;False;False;False;1;9.368912074545278;0;9.368912074545278;9.368912074545278
821;30.50;13.50;True;False;False;False;427;32.50;4.50;True;False;False;False;1;14.37546495888455;0;14.37546495888455;14.37546495888455
821;30.50;13.50;True;False;False;False;435;40.50;4.50;True;False;False;False;1;19.592538228933336;0;19.592538228933336;19.592538228933336
821;30.50;13.50;True;False;False;False;437;42.50;4.50;True;False;False;False;1;23.660532086452804;0;23.660532086452804;23.660532086452804
821;30.50;13.50;True;False;False;False;439;44.50;4.50;True;False;False;False;1;22.98019636357276;0;22.98019636357276;22.98019636357276
821;30.50;13.50;True;False;False;False;444;49.50;4.50;True;False;False;False;1;25.84050494069743;0;25.84050494069743;25.84050494069743
821;30.50;13.50;True;False;False;False;445;50.50;4.50;True;False;False;False;1;26.790093791401887;0;26.790093791401887;26.790093791401887
821;30.50;13.50;True;False;False;False;447;52.50;4.50;True;False;False;False;1;28.545927526469313;0;28.545927526469313;28.545927526469313
821;30.50;13.50;True;False;False;False;460;21.50;5.50;True;False;False;False;2;19.157139621942406;0.043734366864368886;19.00926405454811;19.3050151893367
821;30.50;13.50;True;False;False;False;461;22.50;5.50;True;False;False;False;1;17.592398613938713;0;17.592398613938713;17.592398613938713
821;30.50;13.50;True;False;False;False;465;26.50;5.50;True;False;False;False;1;16.814069278794705;0;16.814069278794705;16.814069278794705
821;30.50;13.50;True;False;False;False;466;27.50;5.50;True;False;False;False;1;16.082683986365737;0;16.082683986365737;16.082683986365737
821;30.50;13.50;True;False;False;False;468;29.50;5.50;True;False;False;False;1;23.093148945263238;0;23.093148945263238;23.093148945263238
821;30.50;13.50;True;False;False;False;473;34.50;5.50;True;False;False;False;1;15.770374362205075;0;15.770374362205075;15.770374362205075
821;30.50;13.50;True;False;False;False;474;35.50;5.50;True;False;False;False;1;23.523611512833668;0;23.523611512833668;23.523611512833668
821;30.50;13.50;True;False;False;False;476;37.50;5.50;True;False;False;False;2;20.303172404881025;5.597014766991358;18.630298415754623;21.976046394007426
821;30.50;13.50;True;False;False;False;478;39.50;5.50;True;False;False;False;1;18.782780972514047;0;18.782780972514047;18.782780972514047
821;30.50;13.50;True;False;False;False;479;40.50;5.50;True;False;False;False;1;20.321021317886334;0;20.321021317886334;20.321021317886334
821;30.50;13.50;True;False;False;False;480;41.50;5.50;True;False;False;False;1;23.515093791411346;0;23.515093791411346;23.515093791411346
821;30.50;13.50;True;False;False;False;481;42.50;5.50;True;False;False;False;1;20.98561334439364;0;20.98561334439364;20.98561334439364
821;30.50;13.50;True;False;False;False;483;44.50;5.50;True;False;False;False;2;25.721400674938195;0.41795362118277585;25.264260859792557;26.178540490083833
821;30.50;13.50;True;False;False;False;484;45.50;5.50;True;False;False;False;5;25.560828457232855;9.547847857451451;22.459632027268526;29.33546176415257
821;30.50;13.50;True;False;False;False;485;46.50;5.50;True;False;False;False;2;23.346728864866236;0.18579051412191816;23.041941632422095;23.651516097310378
821;30.50;13.50;True;False;False;False;488;49.50;5.50;True;False;False;False;2;33.65483361321094;143.68684623371385;25.1787836418589;42.13088358456298
821;30.50;13.50;True;False;False;False;489;50.50;5.50;True;False;False;False;1;29.38041860665544;0;29.38041860665544;29.38041860665544
821;30.50;13.50;True;False;False;False;490;51.50;5.50;True;False;False;False;2;27.805332268136;0.15914810094800233;27.523243540119438;28.08742099615256
821;30.50;13.50;True;False;False;False;491;52.50;5.50;True;False;False;False;2;31.574911000694556;33.533480570979265;27.48018997411782;35.66963202727129
821;30.50;13.50;True;False;False;False;538;11.50;7.50;True;False;False;False;1;24.13416626493745;0;24.13416626493745;24.13416626493745
821;30.50;13.50;True;False;False;False;544;17.50;7.50;True;False;False;False;1;24.042135623727518;0;24.042135623727518;24.042135623727518
821;30.50;13.50;True;False;False;False;546;19.50;7.50;True;False;False;False;1;19.356666666659294;0;19.356666666659294;19.356666666659294
821;30.50;13.50;True;False;False;False;547;20.50;7.50;True;False;False;False;1;17.49478078805805;0;17.49478078805805;17.49478078805805
821;30.50;13.50;True;False;False;False;549;22.50;7.50;True;False;False;False;2;16.28404036538086;0.47145827115098826;15.798520916156122;16.7695598146056
821;30.50;13.50;True;False;False;False;551;24.50;7.50;True;False;False;False;1;14.727312015464122;0;14.727312015464122;14.727312015464122
821;30.50;13.50;True;False;False;False;554;27.50;7.50;True;False;False;False;1;13.966016516238597;0;13.966016516238597;13.966016516238597
821;30.50;13.50;True;False;False;False;559;32.50;7.50;True;False;False;False;2;14.013286437615534;2.807783182584164;12.828427124746668;15.1981457504844
821;30.50;13.50;True;False;False;False;562;35.50;7.50;True;False;False;False;1;16.9468350810821;0;16.9468350810821;16.9468350810821
821;30.50;13.50;True;False;False;False;563;36.50;7.50;True;False;False;False;1;15.125649346966384;0;15.125649346966384;15.125649346966384
821;30.50;13.50;True;False;False;False;564;37.50;7.50;True;False;False;False;2;16.12184905565482;0.34566942833325665;15.70611510928211;16.53758300202753
821;30.50;13.50;True;False;False;False;566;39.50;7.50;True;False;False;False;1;17.43018438809122;0;17.43018438809122;17.43018438809122
821;30.50;13.50;True;False;False;False;567;40.50;7.50;True;False;False;False;1;18.196562487596566;0;18.196562487596566;18.196562487596566
821;30.50;13.50;True;False;False;False;568;41.50;7.50;True;False;False;False;1;18.497871569190465;0;18.497871569190465;18.497871569190465
821;30.50;13.50;True;False;False;False;571;44.50;7.50;True;False;False;False;1;24.755187582821236;0;24.755187582821236;24.755187582821236
821;30.50;13.50;True;False;False;False;573;46.50;7.50;True;False;False;False;2;23.942942982695058;6.343565123826374;22.16199307831448;25.723892887075635
821;30.50;13.50;True;False;False;False;574;47.50;7.50;True;False;False;False;1;25.94824273665745;0;25.94824273665745;25.94824273665745
821;30.50;13.50;True;False;False;False;576;49.50;7.50;True;False;False;False;2;37.59293723157862;1.687120106321777;36.67448197781778;38.51139248533946
821;30.50;13.50;True;False;False;False;577;50.50;7.50;True;False;False;False;2;26.309430720282762;7.961577758306051;24.31423928105869;28.304622159506835
821;30.50;13.50;True;False;False;False;578;51.50;7.50;True;False;False;False;1;25.502600582607556;0;25.502600582607556;25.502600582607556
821;30.50;13.50;True;False;False;False;597;26.50;8.50;True;False;False;False;1;13.08776739012319;0;13.08776739012319;13.08776739012319
821;30.50;13.50;True;False;False;False;601;30.50;8.50;True;False;False;False;1;7.088888888887595;0;7.088888888887595;7.088888888887595
821;30.50;13.50;True;False;False;False;602;31.50;8.50;True;False;False;False;1;19.408149748691812;0;19.408149748691812;19.408149748691812
821;30.50;13.50;True;False;False;False;603;32.50;8.50;True;False;False;False;1;13.289406088530995;0;13.289406088530995;13.289406088530995
821;30.50;13.50;True;False;False;False;605;34.50;8.50;True;False;False;False;1;12.701291501012747;0;12.701291501012747;12.701291501012747
821;30.50;13.50;True;False;False;False;608;37.50;8.50;True;False;False;False;2;15.80630788595272;0.03408136966037235;15.675767911882758;15.93684786002268
821;30.50;13.50;True;False;False;False;610;39.50;8.50;True;False;False;False;1;16.90731281889748;0;16.90731281889748;16.90731281889748
821;30.50;13.50;True;False;False;False;615;44.50;8.50;True;False;False;False;2;21.8097784326892;4.094264634451463;20.378998115091235;23.240558750287164
821;30.50;13.50;True;False;False;False;616;45.50;8.50;True;False;False;False;1;20.43992059442462;0;20.43992059442462;20.43992059442462
821;30.50;13.50;True;False;False;False;618;47.50;8.50;True;False;False;False;2;24.084749939970152;7.27308565477305;22.17777777777519;25.991722102165113
821;30.50;13.50;True;False;False;False;620;49.50;8.50;True;False;False;False;2;23.88249280707987;2.1844571002791224;22.837395419206587;24.927590194953154
821;30.50;13.50;True;False;False;False;621;50.50;8.50;True;False;False;False;1;23.857038637583173;0;23.857038637583173;23.857038637583173
821;30.50;13.50;True;False;False;False;623;52.50;8.50;True;False;False;False;1;30.041594454018195;0;30.041594454018195;30.041594454018195
821;30.50;13.50;True;False;False;False;673;14.50;10.50;True;False;False;False;1;20.327968555342522;0;20.327968555342522;20.327968555342522
821;30.50;13.50;True;False;False;False;686;27.50;10.50;True;False;False;False;1;10.598795097478614;0;10.598795097478614;10.598795097478614
821;30.50;13.50;True;False;False;False;688;29.50;10.50;True;False;False;False;1;9.646851054757008;0;9.646851054757008;9.646851054757008
821;30.50;13.50;True;False;False;False;689;30.50;10.50;True;False;False;False;1;12.955288567151001;0;12.955288567151001;12.955288567151001
821;30.50;13.50;True;False;False;False;691;32.50;10.50;True;False;False;False;3;10.818549782329379;0.1127434089225867;10.4537807116576;11.114737009784221
821;30.50;13.50;True;False;False;False;694;35.50;10.50;True;False;False;False;2;12.12749999999869;0.07808661281069097;11.929906208584725;12.325093791412655
821;30.50;13.50;True;False;False;False;696;37.50;10.50;True;False;False;False;4;16.872456504654792;11.709924512941022;13.848714085004758;21.66677006134705
821;30.50;13.50;True;False;False;False;698;39.50;10.50;True;False;False;False;1;15.463619773716346;0;15.463619773716346;15.463619773716346
821;30.50;13.50;True;False;False;False;700;41.50;10.50;True;False;False;False;1;18.716580068157782;0;18.716580068157782;18.716580068157782
821;30.50;13.50;True;False;False;False;703;44.50;10.50;True;False;False;False;1;18.6940836456306;0;18.6940836456306;18.6940836456306
821;30.50;13.50;True;False;False;False;705;46.50;10.50;True;False;False;False;1;20.709004259044377;0;20.709004259044377;20.709004259044377
821;30.50;13.50;True;False;False;False;706;47.50;10.50;True;False;False;False;1;20.87786517971108;0;20.87786517971108;20.87786517971108
821;30.50;13.50;True;False;False;False;708;49.50;10.50;True;False;False;False;4;23.951867973191383;9.353116021114685;21.832318404917714;28.418524110897124
821;30.50;13.50;True;False;False;False;709;50.50;10.50;True;False;False;False;1;28.8751835846233;0;28.8751835846233;28.8751835846233
821;30.50;13.50;True;False;False;False;711;52.50;10.50;True;False;False;False;2;29.836324020463508;18.539259924466503;26.791717319716554;32.88093072121046
821;30.50;13.50;True;False;False;False;720;17.50;11.50;True;False;False;False;1;16.585461764141655;0;16.585461764141655;16.585461764141655
821;30.50;13.50;True;False;False;False;728;25.50;11.50;True;False;False;False;1;10.98662784462067;0;10.98662784462067;10.98662784462067
821;30.50;13.50;True;False;False;False;729;26.50;11.50;True;False;False;False;1;10.866666666668607;0;10.866666666668607;10.866666666668607
821;30.50;13.50;True;False;False;False;735;32.50;11.50;True;False;False;False;2;9.388563534802415;0.538402904295076;8.869717264557039;9.907409805047791
821;30.50;13.50;True;False;False;False;737;34.50;11.50;True;False;False;False;1;10.206663471926731;0;10.206663471926731;10.206663471926731
821;30.50;13.50;True;False;False;False;738;35.50;11.50;True;False;False;False;2;12.073147749601048;3.625534682954211;10.726757263346371;13.419538235855725
821;30.50;13.50;True;False;False;False;740;37.50;11.50;True;False;False;False;5;15.561292782725832;27.242003726577764;12.84230562598077;24.849628832536837
821;30.50;13.50;True;False;False;False;742;39.50;11.50;True;False;False;False;1;14.57305834856561;0;14.57305834856561;14.57305834856561
821;30.50;13.50;True;False;False;False;743;40.50;11.50;True;False;False;False;1;15.383888888874935;0;15.383888888874935;15.383888888874935
821;30.50;13.50;True;False;False;False;744;41.50;11.50;True;False;False;False;1;16.670520148898504;0;16.670520148898504;16.670520148898504
821;30.50;13.50;True;False;False;False;745;42.50;11.50;True;False;False;False;1;17.277128430803714;0;17.277128430803714;17.277128430803714
821;30.50;13.50;True;False;False;False;747;44.50;11.50;True;False;False;False;1;17.86444444443987;0;17.86444444443987;17.86444444443987
821;30.50;13.50;True;False;False;False;748;45.50;11.50;True;False;False;False;4;18.462980018165354;0.0764469641769733;18.215465762330496;18.851659473745713
821;30.50;13.50;True;False;False;False;749;46.50;11.50;True;False;False;False;2;21.173288034993675;8.950740262813145;19.057780972512774;23.288795097474576
821;30.50;13.50;True;False;False;False;750;47.50;11.50;True;False;False;False;3;19.897780818430572;0.16087711522307657;19.549076471710578;20.33610472163491
821;30.50;13.50;True;False;False;False;752;49.50;11.50;True;False;False;False;1;23.735751456490107;0;23.735751456490107;23.735751456490107
821;30.50;13.50;True;False;False;False;753;50.50;11.50;True;False;False;False;2;22.424303757326925;0.06232284291103517;22.247777777778538;22.600829736875312
821;30.50;13.50;True;False;False;False;754;51.50;11.50;True;False;False;False;3;22.606041384267883;0.016690315788840608;22.477943762896757;22.736298693940626
821;30.50;13.50;True;False;False;False;755;52.50;11.50;True;False;False;False;1;22.780461764137726;0;22.780461764137726;22.780461764137726
821;30.50;13.50;True;False;False;False;805;14.50;13.50;True;False;False;False;1;15.080480148180868;0;15.080480148180868;15.080480148180868
821;30.50;13.50;True;False;False;False;808;17.50;13.50;True;False;False;False;1;12.254160659841546;0;12.254160659841546;12.254160659841546
821;30.50;13.50;True;False;False;False;813;22.50;13.50;True;False;False;False;2;9.221616174491828;0.07083565151403225;9.033419931816752;9.409812417166904
821;30.50;13.50;True;False;False;False;817;26.50;13.50;True;False;False;False;1;6.267774583044229;0;6.267774583044229;6.267774583044229
821;30.50;13.50;True;False;False;False;822;31.50;13.50;True;False;False;False;1;3.713888888888505;0;3.713888888888505;3.713888888888505
821;30.50;13.50;True;False;False;False;823;32.50;13.50;True;False;False;False;5;9.955762535611939;21.75447579281222;5.078145750510885;15.205093791404579
821;30.50;13.50;True;False;False;False;827;36.50;13.50;True;False;False;False;2;15.582392626213732;4.710163909315319;14.047764998853381;17.117020253574083
821;30.50;13.50;True;False;False;False;828;37.50;13.50;True;False;False;False;3;17.65447890298371;13.207660826195903;15.470086598490525;21.84973540289502
821;30.50;13.50;True;False;False;False;830;39.50;13.50;True;False;False;False;4;13.253933650722502;12.55263763061313;9.863989873229002;16.440450033911475
821;30.50;13.50;True;False;False;False;831;40.50;13.50;True;False;False;False;2;16.61550625907057;61.752259792439226;11.058876894408968;22.172135623732174
821;30.50;13.50;True;False;False;False;832;41.50;13.50;True;False;False;False;2;14.973475617814984;22.434489754378433;11.62426005634552;18.322691179284448
821;30.50;13.50;True;False;False;False;833;42.50;13.50;True;False;False;False;2;15.667810958804694;32.28108792569104;11.650281374240876;19.68534054336851
821;30.50;13.50;True;False;False;False;835;44.50;13.50;True;False;False;False;2;13.552779375144382;0.12389294830175669;13.303888888884103;13.801669861404662
821;30.50;13.50;True;False;False;False;836;45.50;13.50;True;False;False;False;2;14.262406208592438;0.04050564816602811;14.120093791414547;14.404718625770329
821;30.50;13.50;True;False;False;False;837;46.50;13.50;True;False;False;False;1;41.53889288706887;0;41.53889288706887;41.53889288706887
821;30.50;13.50;True;False;False;False;838;47.50;13.50;True;False;False;False;5;20.967666027720135;9.540794079152384;15.732683986363554;23.652597387872447
821;30.50;13.50;True;False;False;False;840;49.50;13.50;True;False;False;False;4;28.580542630536;20.202642542038255;22.961666666666133;33.68800664849914
821;30.50;13.50;True;False;False;False;841;50.50;13.50;True;False;False;False;2;20.141894192922564;15.460447901016058;17.361566163623138;22.92222222222199
821;30.50;13.50;True;False;False;False;842;51.50;13.50;True;False;False;False;2;32.29657953425999;1.7965401871468911;31.348808415490566;33.244350653029414
821;30.50;13.50;True;False;False;False;865;30.50;14.50;True;False;False;False;1;3.1842880245785636;0;3.1842880245785636;3.1842880245785636
821;30.50;13.50;True;False;False;False;867;32.50;14.50;True;False;False;False;1;9.102623749193299;0;9.102623749193299;9.102623749193299
821;30.50;13.50;True;False;False;False;869;34.50;14.50;True;False;False;False;3;13.449597300905225;32.11708338360292;9.627590194946606;19.960739943640874
821;30.50;13.50;True;False;False;False;870;35.50;14.50;True;False;False;False;1;10.764793711001403;0;10.764793711001403;10.764793711001403
821;30.50;13.50;True;False;False;False;874;39.50;14.50;True;False;False;False;3;14.83382769401093;6.571399920811865;13.005371970915803;17.763982680313347
821;30.50;13.50;True;False;False;False;876;41.50;14.50;True;False;False;False;1;27.592215832753936;0;27.592215832753936;27.592215832753936
821;30.50;13.50;True;False;False;False;877;42.50;14.50;True;False;False;False;3;15.48188924366635;0.2515269400898818;15.081024512626755;16.04427124745962
821;30.50;13.50;True;False;False;False;879;44.50;14.50;True;False;False;False;2;20.25317761007318;21.97320155313309;16.938573444178473;23.567781775967887
821;30.50;13.50;True;False;False;False;882;47.50;14.50;True;False;False;False;2;18.518928591676286;6.504182828851572E-06;18.517125236077845;18.520731947274726
821;30.50;13.50;True;False;False;False;884;49.50;14.50;True;False;False;False;2;22.71360059127801;9.083148802645544;20.5825035964599;24.844697586096117
821;30.50;13.50;True;False;False;False;886;51.50;14.50;True;False;False;False;1;21.02388569415416;0;21.02388569415416;21.02388569415416
821;30.50;13.50;True;False;False;False;887;52.50;14.50;True;False;False;False;4;22.286552225177275;0.5963966069311204;21.42704502705419;23.22953504112411
821;30.50;13.50;True;False;False;False;942;19.50;16.50;True;False;False;False;2;16.697827868205422;0.0033128884100576115;16.657128430801095;16.73852730560975
821;30.50;13.50;True;False;False;False;953;30.50;16.50;True;False;False;False;3;7.388366994769815;11.853587811676682;5.334357845931663;11.363145750506646
821;30.50;13.50;True;False;False;False;955;32.50;16.50;True;False;False;False;3;10.13391988486425;0.2591838956650355;9.64648227856378;10.662221418759145
821;30.50;13.50;True;False;False;False;960;37.50;16.50;True;False;False;False;1;14.25880229037466;0;14.25880229037466;14.25880229037466
821;30.50;13.50;True;False;False;False;962;39.50;16.50;True;False;False;False;2;15.933055957267243;0.4076724957525893;15.481573678682253;16.384538235852233
821;30.50;13.50;True;False;False;False;963;40.50;16.50;True;False;False;False;1;20.117227023853047;0;20.117227023853047;20.117227023853047
821;30.50;13.50;True;False;False;False;965;42.50;16.50;True;False;False;False;2;18.623962689449854;0.16273990635506516;18.338708498985397;18.90921687991431
821;30.50;13.50;True;False;False;False;967;44.50;16.50;True;False;False;False;1;24.756934458517208;0;24.756934458517208;24.756934458517208
821;30.50;13.50;True;False;False;False;968;45.50;16.50;True;False;False;False;1;19.88074633310862;0;19.88074633310862;19.88074633310862
821;30.50;13.50;True;False;False;False;969;46.50;16.50;True;False;False;False;1;19.80944124971211;0;19.80944124971211;19.80944124971211
821;30.50;13.50;True;False;False;False;970;47.50;16.50;True;False;False;False;3;23.3514659488895;9.621845533009214;20.211612856952343;26.413986697512883
821;30.50;13.50;True;False;False;False;972;49.50;16.50;True;False;False;False;1;22.0202813742344;0;22.0202813742344;22.0202813742344
821;30.50;13.50;True;False;False;False;973;50.50;16.50;True;False;False;False;1;22.87110072345604;0;22.87110072345604;22.87110072345604
821;30.50;13.50;True;False;False;False;975;52.50;16.50;True;False;False;False;3;26.087372599236307;1.8379281180515374;24.599725818676234;27.25322491064435
821;30.50;13.50;True;False;False;False;981;14.50;17.50;True;False;False;False;1;20.692316013628442;0;20.692316013628442;20.692316013628442
821;30.50;13.50;True;False;False;False;989;22.50;17.50;True;False;False;False;1;15.431298693933059;0;15.431298693933059;15.431298693933059
821;30.50;13.50;True;False;False;False;999;32.50;17.50;True;False;False;False;2;11.804054892962085;1.425490715845298;10.959812417175272;12.6482973687489
821;30.50;13.50;True;False;False;False;1004;37.50;17.50;True;False;False;False;1;15.331569680514804;0;15.331569680514804;15.331569680514804
821;30.50;13.50;True;False;False;False;1006;39.50;17.50;True;False;False;False;4;17.388357379008085;5.749591058960112;15.827871569190393;20.918985875039652
821;30.50;13.50;True;False;False;False;1008;41.50;17.50;True;False;False;False;1;22.34564934696391;0;22.34564934696391;22.34564934696391
821;30.50;13.50;True;False;False;False;1009;42.50;17.50;True;False;False;False;3;19.202772982494935;1.164390114192936;18.341111111109058;20.41305515382919
821;30.50;13.50;True;False;False;False;1011;44.50;17.50;True;False;False;False;2;19.45773463940668;0.0060405132804855766;19.402777777776464;19.512691501036898
821;30.50;13.50;True;False;False;False;1012;45.50;17.50;True;False;False;False;4;20.49807780299807;2.687471446024669;19.14425605816723;22.875
821;30.50;13.50;True;False;False;False;1013;46.50;17.50;True;False;False;False;4;20.91275512861023;0.24229297299940333;20.214898212218486;21.299076471712397
821;30.50;13.50;True;False;False;False;1014;47.50;17.50;True;False;False;False;5;25.24031489642639;32.68075896898036;21.304353847759558;35.32037197091722
821;30.50;13.50;True;False;False;False;1016;49.50;17.50;True;False;False;False;4;26.362155475116765;16.79795238736036;22.419905405136433;30.835754329469637
821;30.50;13.50;True;False;False;False;1017;50.50;17.50;True;False;False;False;3;24.854079987298366;2.997564783213716;23.79989389187722;26.852255473344485
821;30.50;13.50;True;False;False;False;1018;51.50;17.50;True;False;False;False;1;27.703704500803724;0;27.703704500803724;27.703704500803724
821;30.50;13.50;True;False;False;False;1019;52.50;17.50;True;False;False;False;3;35.93164019183738;102.59696291317607;28.128748726303456;47.37849025412834
821;30.50;13.50;True;False;False;False;1066;11.50;19.50;True;False;False;False;1;24.533478581248346;0;24.533478581248346;24.533478581248346
821;30.50;13.50;True;False;False;False;1071;16.50;19.50;True;False;False;False;1;21.37822995771421;0;21.37822995771421;21.37822995771421
821;30.50;13.50;True;False;False;False;1074;19.50;19.50;True;False;False;False;1;19.366111111103237;0;19.366111111103237;19.366111111103237
821;30.50;13.50;True;False;False;False;1080;25.50;19.50;True;False;False;False;1;14.737543559225742;0;14.737543559225742;14.737543559225742
821;30.50;13.50;True;False;False;False;1085;30.50;19.50;True;False;False;False;1;22.398330138599704;0;22.398330138599704;22.398330138599704
821;30.50;13.50;True;False;False;False;1087;32.50;19.50;True;False;False;False;1;12.423039964585769;0;12.423039964585769;12.423039964585769
821;30.50;13.50;True;False;False;False;1092;37.50;19.50;True;False;False;False;1;17.37499999999818;0;17.37499999999818;17.37499999999818
821;30.50;13.50;True;False;False;False;1094;39.50;19.50;True;False;False;False;3;18.568055869167438;6.662265466901555;16.875567285780562;21.538888888881047
821;30.50;13.50;True;False;False;False;1095;40.50;19.50;True;False;False;False;1;19.463888888887595;0;19.463888888887595;19.463888888887595
821;30.50;13.50;True;False;False;False;1096;41.50;19.50;True;False;False;False;1;19.16555475210407;0;19.16555475210407;19.16555475210407
821;30.50;13.50;True;False;False;False;1100;45.50;19.50;True;False;False;False;2;23.101250200862978;11.216687950677615;20.733055957280158;25.4694444444458
821;30.50;13.50;True;False;False;False;1101;46.50;19.50;True;False;False;False;3;25.67568781005002;8.453558512496063;22.77704183231981;28.59196244581335
821;30.50;13.50;True;False;False;False;1102;47.50;19.50;True;False;False;False;1;22.232219027475367;0;22.232219027475367;22.232219027475367
821;30.50;13.50;True;False;False;False;1104;49.50;19.50;True;False;False;False;1;23.4989930679576;0;23.4989930679576;23.4989930679576
821;30.50;13.50;True;False;False;False;1106;51.50;19.50;True;False;False;False;3;28.74310953100303;32.69836803312554;24.696298693935205;35.28490620858793
821;30.50;13.50;True;False;False;False;1107;52.50;19.50;True;False;False;False;1;37.8617604580777;0;37.8617604580777;37.8617604580777
821;30.50;13.50;True;False;False;False;1121;22.50;20.50;True;False;False;False;1;17.869170263125852;0;17.869170263125852;17.869170263125852
821;30.50;13.50;True;False;False;False;1133;34.50;20.50;True;False;False;False;1;18.469756981639875;0;18.469756981639875;18.469756981639875
821;30.50;13.50;True;False;False;False;1136;37.50;20.50;True;False;False;False;1;16.865079670187697;0;16.865079670187697;16.865079670187697
821;30.50;13.50;True;False;False;False;1138;39.50;20.50;True;False;False;False;1;18.28499680526147;0;18.28499680526147;18.28499680526147
821;30.50;13.50;True;False;False;False;1145;46.50;20.50;True;False;False;False;1;23.380461764141728;0;23.380461764141728;23.380461764141728
821;30.50;13.50;True;False;False;False;1151;52.50;20.50;True;False;False;False;2;26.29705862845185;0.4288786675095021;25.833982680302142;26.76013457660156
821;30.50;13.50;True;False;False;False;1196;9.50;22.50;True;False;False;False;1;27.610743138371618;0;27.610743138371618;27.610743138371618
821;30.50;13.50;True;False;False;False;1207;20.50;22.50;True;False;False;False;1;19.835187582822982;0;19.835187582822982;19.835187582822982
821;30.50;13.50;True;False;False;False;1217;30.50;22.50;True;False;False;False;1;9.126756459889293;0;9.126756459889293;9.126756459889293
821;30.50;13.50;True;False;False;False;1218;31.50;22.50;True;False;False;False;1;13.179628832534945;0;13.179628832534945;13.179628832534945
821;30.50;13.50;True;False;False;False;1219;32.50;22.50;True;False;False;False;1;13.761111111107311;0;13.761111111107311;13.761111111107311
821;30.50;13.50;True;False;False;False;1224;37.50;22.50;True;False;False;False;2;21.03212602997928;8.323984947140344;18.992029837744667;23.072222222213895
821;30.50;13.50;True;False;False;False;1252;21.50;23.50;True;False;False;False;1;19.989913401506783;0;19.989913401506783;19.989913401506783
821;30.50;13.50;True;False;False;False;1256;25.50;23.50;True;False;False;False;1;17.450656539891497;0;17.450656539891497;17.450656539891497
821;30.50;13.50;True;False;False;False;1262;31.50;23.50;True;False;False;False;1;22.290461764142947;0;22.290461764142947;22.290461764142947
821;30.50;13.50;True;False;False;False;1263;32.50;23.50;True;False;False;False;1;15.09740980505012;0;15.09740980505012;15.09740980505012
821;30.50;13.50;True;False;False;False;1265;34.50;23.50;True;False;False;False;1;16.958152943427194;0;16.958152943427194;16.958152943427194
821;30.50;13.50;True;False;False;False;1273;42.50;23.50;True;False;False;False;1;21.6830519590967;0;21.6830519590967;21.6830519590967
821;30.50;13.50;True;False;False;False;1276;45.50;23.50;True;False;False;False;2;31.27545600751273;106.06679404456169;23.99305276254745;38.55785925247801
821;30.50;13.50;True;False;False;False;1278;47.50;23.50;True;False;False;False;1;29.201295499205116;0;29.201295499205116;29.201295499205116
821;30.50;13.50;True;False;False;False;1282;51.50;23.50;True;False;False;False;1;28.192506791201595;0;28.192506791201595;28.192506791201595
821;30.50;13.50;True;False;False;False;1283;52.50;23.50;True;False;False;False;1;28.253461747017354;0;28.253461747017354;28.253461747017354
821;30.50;13.50;True;False;False;False;1329;10.50;25.50;True;False;False;False;1;28.7108369298021;0;28.7108369298021;28.7108369298021
821;30.50;13.50;True;False;False;False;1339;20.50;25.50;True;False;False;False;1;22.211659473723557;0;22.211659473723557;22.211659473723557
821;30.50;13.50;True;False;False;False;1348;29.50;25.50;True;False;False;False;1;15.331107916375913;0;15.331107916375913;15.331107916375913
821;30.50;13.50;True;False;False;False;1349;30.50;25.50;True;False;False;False;1;12.547222222219716;0;12.547222222219716;12.547222222219716
821;30.50;13.50;True;False;False;False;1364;45.50;25.50;True;False;False;False;1;25.867686377659084;0;25.867686377659084;25.867686377659084
821;30.50;13.50;True;False;False;False;1365;46.50;25.50;True;False;False;False;1;28.37629150099383;0;28.37629150099383;28.37629150099383
821;30.50;13.50;True;False;False;False;1366;47.50;25.50;True;False;False;False;1;42.3387084989854;0;42.3387084989854;42.3387084989854
821;30.50;13.50;True;False;False;False;1390;27.50;26.50;True;False;False;False;1;18.08852730561557;0;18.08852730561557;18.08852730561557
821;30.50;13.50;True;False;False;False;1400;37.50;26.50;True;False;False;False;1;20.574538235861837;0;20.574538235861837;20.574538235861837
821;30.50;13.50;True;False;False;False;1402;39.50;26.50;True;False;False;False;1;22.51259019495228;0;22.51259019495228;22.51259019495228
821;30.50;13.50;True;False;False;False;1404;41.50;26.50;True;False;False;False;1;23.415367972733293;0;23.415367972733293;23.415367972733293
821;30.50;13.50;True;False;False;False;1410;47.50;26.50;True;False;False;False;1;31.994402629286924;0;31.994402629286924;31.994402629286924
821;30.50;13.50;True;False;False;False;1413;50.50;26.50;True;False;False;False;1;29.58972262393945;0;29.58972262393945;29.58972262393945
822;31.50;13.50;True;False;False;False;60;61.50;21.50;False;False;True;False;1;124.53490620858793;0;124.53490620858793;124.53490620858793
822;31.50;13.50;True;False;False;False;279;16.50;1.50;True;False;False;False;1;27.313337331503135;0;27.313337331503135;27.313337331503135
822;31.50;13.50;True;False;False;False;290;27.50;1.50;True;False;False;False;1;18.98132409270147;0;18.98132409270147;18.98132409270147
822;31.50;13.50;True;False;False;False;292;29.50;1.50;True;False;False;False;1;16.425290958453843;0;16.425290958453843;16.425290958453843
822;31.50;13.50;True;False;False;False;295;32.50;1.50;True;False;False;False;1;16.761111111110495;0;16.761111111110495;16.761111111110495
822;31.50;13.50;True;False;False;False;300;37.50;1.50;True;False;False;False;1;19.474956539950654;0;19.474956539950654;19.474956539950654
822;31.50;13.50;True;False;False;False;305;42.50;1.50;True;False;False;False;2;22.761046894804167;0.07868047842714912;22.562703154762858;22.959390634845477
822;31.50;13.50;True;False;False;False;309;46.50;1.50;True;False;False;False;1;25.62102770735146;0;25.62102770735146;25.62102770735146
822;31.50;13.50;True;False;False;False;315;52.50;1.50;True;False;False;False;1;29.624628029072483;0;29.624628029072483;29.624628029072483
822;31.50;13.50;True;False;False;False;341;34.50;2.50;True;False;False;False;1;17.959638416745292;0;17.959638416745292;17.959638416745292
822;31.50;13.50;True;False;False;False;351;44.50;2.50;True;False;False;False;1;24.282687984551558;0;24.282687984551558;24.282687984551558
822;31.50;13.50;True;False;False;False;426;31.50;4.50;True;False;False;False;1;9.010180389901507;0;9.010180389901507;9.010180389901507
822;31.50;13.50;True;False;False;False;429;34.50;4.50;True;False;False;False;2;15.741856248583645;0.22395878775306366;15.407223025671556;16.076489471495734
822;31.50;13.50;True;False;False;False;437;42.50;4.50;True;False;False;False;1;22.64962883253429;0;22.64962883253429;22.64962883253429
822;31.50;13.50;True;False;False;False;440;45.50;4.50;True;False;False;False;1;24.854910206775457;0;24.854910206775457;24.854910206775457
822;31.50;13.50;True;False;False;False;447;52.50;4.50;True;False;False;False;2;29.930840124521637;5.220018861134136;28.315287763696688;31.546392485346587
822;31.50;13.50;True;False;False;False;460;21.50;5.50;True;False;False;False;1;20.282129234252352;0;20.282129234252352;20.282129234252352
822;31.50;13.50;True;False;False;False;461;22.50;5.50;True;False;False;False;1;18.027128430803714;0;18.027128430803714;18.027128430803714
822;31.50;13.50;True;False;False;False;468;29.50;5.50;True;False;False;False;1;13.515780151762101;0;13.515780151762101;13.515780151762101
822;31.50;13.50;True;False;False;False;473;34.50;5.50;True;False;False;False;1;14.65212204133968;0;14.65212204133968;14.65212204133968
822;31.50;13.50;True;False;False;False;474;35.50;5.50;True;False;False;False;5;15.38055235700549;0.1613504580858891;15.044722623941198;15.924639220191693
822;31.50;13.50;True;False;False;False;476;37.50;5.50;True;False;False;False;1;18.12379190274123;0;18.12379190274123;18.12379190274123
822;31.50;13.50;True;False;False;False;478;39.50;5.50;True;False;False;False;1;17.917990134094907;0;17.917990134094907;17.917990134094907
822;31.50;13.50;True;False;False;False;479;40.50;5.50;True;False;False;False;1;26.97694165143548;0;26.97694165143548;26.97694165143548
822;31.50;13.50;True;False;False;False;480;41.50;5.50;True;False;False;False;2;37.951022513525004;126.01061273390724;30.013434317671454;45.888610709378554
822;31.50;13.50;True;False;False;False;483;44.50;5.50;True;False;False;False;4;22.442856313801713;1.8460977045235947;21.340093791412073;24.36388888887268
822;31.50;13.50;True;False;False;False;484;45.50;5.50;True;False;False;False;2;25.51653676892829;24.30151446953111;22.030743138380785;29.002330399475795
822;31.50;13.50;True;False;False;False;485;46.50;5.50;True;False;False;False;2;31.315277777774554;130.9950964504704;23.222222222223536;39.40833333332557
822;31.50;13.50;True;False;False;False;486;47.50;5.50;True;False;False;False;1;31.163337331523508;0;31.163337331523508;31.163337331523508
822;31.50;13.50;True;False;False;False;488;49.50;5.50;True;False;False;False;1;24.757029053376755;0;24.757029053376755;24.757029053376755
822;31.50;13.50;True;False;False;False;489;50.50;5.50;True;False;False;False;3;28.516169111258932;17.211904747407228;25.571103918198787;33.26083373505753
822;31.50;13.50;True;False;False;False;490;51.50;5.50;True;False;False;False;4;26.891413934109323;0.8884059732447924;25.786482278574113;27.89481961009278
822;31.50;13.50;True;False;False;False;491;52.50;5.50;True;False;False;False;2;30.473645620072602;23.693146936820565;27.031760458070494;33.91553078207471
822;31.50;13.50;True;False;False;False;544;17.50;7.50;True;False;False;False;1;20.612868374455502;0;20.612868374455502;20.612868374455502
822;31.50;13.50;True;False;False;False;548;21.50;7.50;True;False;False;False;1;17.766797245090856;0;17.766797245090856;17.766797245090856
822;31.50;13.50;True;False;False;False;552;25.50;7.50;True;False;False;False;3;15.069806201033165;0.2903516604433253;14.451013321506252;15.435533712403867
822;31.50;13.50;True;False;False;False;553;26.50;7.50;True;False;False;False;1;19.122871569190465;0;19.122871569190465;19.122871569190465
822;31.50;13.50;True;False;False;False;558;31.50;7.50;True;False;False;False;1;14.173059152016322;0;14.173059152016322;14.173059152016322
822;31.50;13.50;True;False;False;False;559;32.50;7.50;True;False;False;False;2;11.72607181004787;0.16324879616075963;11.440371970915294;12.011771649180446
822;31.50;13.50;True;False;False;False;561;34.50;7.50;True;False;False;False;5;13.615286916805417;0.02925793506191021;13.440012778934033;13.89177539198863
822;31.50;13.50;True;False;False;False;562;35.50;7.50;True;False;False;False;2;14.736617771868623;0.7132338851811193;14.139443640990066;15.33379190274718
822;31.50;13.50;True;False;False;False;566;39.50;7.50;True;False;False;False;3;19.802132161180452;27.028465730448424;16.56046176414111;25.798712497178713
822;31.50;13.50;True;False;False;False;567;40.50;7.50;True;False;False;False;3;17.807145482098957;0.03174243466897938;17.60175726334637;17.920047155690554
822;31.50;13.50;True;False;False;False;568;41.50;7.50;True;False;False;False;1;18.85296536059832;0;18.85296536059832;18.85296536059832
822;31.50;13.50;True;False;False;False;569;42.50;7.50;True;False;False;False;1;18.572691179284448;0;18.572691179284448;18.572691179284448
822;31.50;13.50;True;False;False;False;571;44.50;7.50;True;False;False;False;4;20.494627431262415;0.09153843904875908;20.121851054755098;20.79935065302925
822;31.50;13.50;True;False;False;False;572;45.50;7.50;True;False;False;False;3;21.789070967526943;3.64533956388411;20.482312818899118;23.980184388088674
822;31.50;13.50;True;False;False;False;573;46.50;7.50;True;False;False;False;2;28.628322151765133;0.8168742240360469;27.989231303748966;29.2674129997813
822;31.50;13.50;True;False;False;False;574;47.50;7.50;True;False;False;False;1;22.504066887495355;0;22.504066887495355;22.504066887495355
822;31.50;13.50;True;False;False;False;576;49.50;7.50;True;False;False;False;4;23.77621675358887;0.37271634892300265;23.0817790906749;24.532059412886156
822;31.50;13.50;True;False;False;False;577;50.50;7.50;True;False;False;False;2;24.256543290596255;0.00462443868742487;24.208457748655746;24.304628832536764
822;31.50;13.50;True;False;False;False;578;51.50;7.50;True;False;False;False;2;25.343609513756746;0.0009890398282273514;25.321371710040694;25.3658473174728
822;31.50;13.50;True;False;False;False;579;52.50;7.50;True;False;False;False;7;25.77310703813932;0.31224539850047145;25.200829736875676;26.74249640353446
822;31.50;13.50;True;False;False;False;603;32.50;8.50;True;False;False;False;2;9.928865571047481;0.08361413162901202;9.724397808760841;10.133333333334122
822;31.50;13.50;True;False;False;False;605;34.50;8.50;True;False;False;False;1;13.12240580686921;0;13.12240580686921;13.12240580686921
822;31.50;13.50;True;False;False;False;607;36.50;8.50;True;False;False;False;1;14.391021317884224;0;14.391021317884224;14.391021317884224
822;31.50;13.50;True;False;False;False;610;39.50;8.50;True;False;False;False;1;16.47102451261162;0;16.47102451261162;16.47102451261162
822;31.50;13.50;True;False;False;False;613;42.50;8.50;True;False;False;False;3;17.92773327244201;0.7126890613471936;17.439640808002878;18.902541689620193
822;31.50;13.50;True;False;False;False;615;44.50;8.50;True;False;False;False;1;19.42620490252466;0;19.42620490252466;19.42620490252466
822;31.50;13.50;True;False;False;False;618;47.50;8.50;True;False;False;False;2;21.114397548737543;0.17246582544292438;20.82074313838166;21.408051959093427
822;31.50;13.50;True;False;False;False;620;49.50;8.50;True;False;False;False;1;22.749916596243565;0;22.749916596243565;22.749916596243565
822;31.50;13.50;True;False;False;False;622;51.50;8.50;True;False;False;False;2;30.962531867507096;37.01617271929418;26.660429316469163;35.26463441854503
822;31.50;13.50;True;False;False;False;623;52.50;8.50;True;False;False;False;2;33.81485531468661;5.032369264161242;32.228606711194516;35.401103918178705
822;31.50;13.50;True;False;False;False;676;17.50;10.50;True;False;False;False;1;18.950743138382677;0;18.950743138382677;18.950743138382677
822;31.50;13.50;True;False;False;False;691;32.50;10.50;True;False;False;False;1;8.177724251767359;0;8.177724251767359;8.177724251767359
822;31.50;13.50;True;False;False;False;696;37.50;10.50;True;False;False;False;1;13.377709808733925;0;13.377709808733925;13.377709808733925
822;31.50;13.50;True;False;False;False;700;41.50;10.50;True;False;False;False;1;16.238152943431487;0;16.238152943431487;16.238152943431487
822;31.50;13.50;True;False;False;False;701;42.50;10.50;True;False;False;False;4;16.78407487434515;0.4374971047839331;15.96870130606294;17.579725818683073
822;31.50;13.50;True;False;False;False;703;44.50;10.50;True;False;False;False;2;18.393102451262166;0.12699927102505262;18.14111111110833;18.645093791416002
822;31.50;13.50;True;False;False;False;706;47.50;10.50;True;False;False;False;3;20.44631598760255;0.8807927968408815;19.820146475889487;21.52538155509319
822;31.50;13.50;True;False;False;False;708;49.50;10.50;True;False;False;False;1;27.569801226087293;0;27.569801226087293;27.569801226087293
822;31.50;13.50;True;False;False;False;711;52.50;10.50;True;False;False;False;3;23.45244001030399;0.3377799443687751;22.820569157019236;23.96416706839591
822;31.50;13.50;True;False;False;False;714;11.50;11.50;True;False;False;False;1;27.59805595728176;0;27.59805595728176;27.59805595728176
822;31.50;13.50;True;False;False;False;722;19.50;11.50;True;False;False;False;1;17.555555555562023;0;17.555555555562023;17.555555555562023
822;31.50;13.50;True;False;False;False;724;21.50;11.50;True;False;False;False;1;15.243614707571396;0;15.243614707571396;15.243614707571396
822;31.50;13.50;True;False;False;False;727;24.50;11.50;True;False;False;False;1;12.80332933515092;0;12.80332933515092;12.80332933515092
822;31.50;13.50;True;False;False;False;728;25.50;11.50;True;False;False;False;1;13.0736147075786;0;13.0736147075786;13.0736147075786
822;31.50;13.50;True;False;False;False;735;32.50;11.50;True;False;False;False;2;8.544635623732574;1.1747038580172688;7.778246734846107;9.311024512619042
822;31.50;13.50;True;False;False;False;737;34.50;11.50;True;False;False;False;2;9.90805595728034;0.42900797242456107;9.444910206773784;10.371201707786895
822;31.50;13.50;True;False;False;False;740;37.50;11.50;True;False;False;False;3;12.533185890627161;0.026100654398500678;12.386876880264026;12.706569680518442
822;31.50;13.50;True;False;False;False;744;41.50;11.50;True;False;False;False;1;14.791863833703246;0;14.791863833703246;14.791863833703246
822;31.50;13.50;True;False;False;False;747;44.50;11.50;True;False;False;False;1;17.677211834562513;0;17.677211834562513;17.677211834562513
822;31.50;13.50;True;False;False;False;750;47.50;11.50;True;False;False;False;6;21.34747774324228;12.891038841576222;18.54879670437822;28.05898268029705
822;31.50;13.50;True;False;False;False;753;50.50;11.50;True;False;False;False;1;21.397497991370074;0;21.397497991370074;21.397497991370074
822;31.50;13.50;True;False;False;False;754;51.50;11.50;True;False;False;False;3;24.408221069768995;22.163715500667486;21.550569960463235;29.841929656893626
822;31.50;13.50;True;False;False;False;755;52.50;11.50;True;False;False;False;3;23.029698017424987;0.26942527695104584;22.48990940332078;23.525194775735145
822;31.50;13.50;True;False;False;False;815;24.50;13.50;True;False;False;False;1;24.461110307664057;0;24.461110307664057;24.461110307664057
822;31.50;13.50;True;False;False;False;823;32.50;13.50;True;False;False;False;1;4.246563291053462;0;4.246563291053462;4.246563291053462
822;31.50;13.50;True;False;False;False;825;34.50;13.50;True;False;False;False;1;5.44349935648097;0;5.44349935648097;5.44349935648097
822;31.50;13.50;True;False;False;False;826;35.50;13.50;True;False;False;False;3;6.80000106490661;0.026819550862348766;6.626111111097998;6.951298693937133
822;31.50;13.50;True;False;False;False;828;37.50;13.50;True;False;False;False;2;8.620493612324935;0.622477959830134;8.0626056487381;9.178381575911772
822;31.50;13.50;True;False;False;False;830;39.50;13.50;True;False;False;False;2;9.337566867567148;0.23217453020035178;8.996851054755098;9.678282680379198
822;31.50;13.50;True;False;False;False;831;40.50;13.50;True;False;False;False;2;17.183975610000743;37.77240483361425;12.838149748693468;21.52980147130802
822;31.50;13.50;True;False;False;False;832;41.50;13.50;True;False;False;False;1;28.11566773098093;0;28.11566773098093;28.11566773098093
822;31.50;13.50;True;False;False;False;833;42.50;13.50;True;False;False;False;1;11.419442034075473;0;11.419442034075473;11.419442034075473
822;31.50;13.50;True;False;False;False;835;44.50;13.50;True;False;False;False;4;17.269019107949134;28.615022255634383;12.296529434246622;22.19973058218966
822;31.50;13.50;True;False;False;False;837;46.50;13.50;True;False;False;False;1;14.18536797273191;0;14.18536797273191;14.18536797273191
822;31.50;13.50;True;False;False;False;838;47.50;13.50;True;False;False;False;5;16.667142962780144;8.321727188709067;14.542600582604791;21.650481216114713
822;31.50;13.50;True;False;False;False;840;49.50;13.50;True;False;False;False;6;18.24675752798612;8.12546576130712;15.970458569408947;22.14185424949028
822;31.50;13.50;True;False;False;False;841;50.50;13.50;True;False;False;False;1;16.963423930003046;0;16.963423930003046;16.963423930003046
822;31.50;13.50;True;False;False;False;843;52.50;13.50;True;False;False;False;3;19.046907454358006;2.4620670846162347;18.036187321962643;20.854535041111376
822;31.50;13.50;True;False;False;False;852;17.50;14.50;True;False;False;False;1;16.32519372704246;0;16.32519372704246;16.32519372704246
822;31.50;13.50;True;False;False;False;867;32.50;14.50;True;False;False;False;1;7.836418062268422;0;7.836418062268422;7.836418062268422
822;31.50;13.50;True;False;False;False;870;35.50;14.50;True;False;False;False;3;10.321698727585803;0.07550343761833281;10.057116436310025;10.605649346965947
822;31.50;13.50;True;False;False;False;872;37.50;14.50;True;False;False;False;2;10.946018917060428;0.5906226076112924;10.402593389682806;11.48944444443805
822;31.50;13.50;True;False;False;False;874;39.50;14.50;True;False;False;False;1;12.91787156918872;0;12.91787156918872;12.91787156918872
822;31.50;13.50;True;False;False;False;875;40.50;14.50;True;False;False;False;1;13.259813220607612;0;13.259813220607612;13.259813220607612
822;31.50;13.50;True;False;False;False;877;42.50;14.50;True;False;False;False;2;14.86920090156491;0.29856082815115825;14.48283266519502;15.255569137934799
822;31.50;13.50;True;False;False;False;879;44.50;14.50;True;False;False;False;1;16.067773779577692;0;16.067773779577692;16.067773779577692
822;31.50;13.50;True;False;False;False;881;46.50;14.50;True;False;False;False;1;16.86388569416158;0;16.86388569416158;16.86388569416158
822;31.50;13.50;True;False;False;False;884;49.50;14.50;True;False;False;False;2;19.574387562810443;0.02289019220804097;19.467405806870374;19.681369318750512
822;31.50;13.50;True;False;False;False;885;50.50;14.50;True;False;False;False;3;22.287101694467157;5.089095690850582;20.21305595728336;24.688985875025537
822;31.50;13.50;True;False;False;False;887;52.50;14.50;True;False;False;False;1;22.090600281844672;0;22.090600281844672;22.090600281844672
822;31.50;13.50;True;False;False;False;939;16.50;16.50;True;False;False;False;1;18.92191900486614;0;18.92191900486614;18.92191900486614
822;31.50;13.50;True;False;False;False;942;19.50;16.50;True;False;False;False;1;16.301392485351244;0;16.301392485351244;16.301392485351244
822;31.50;13.50;True;False;False;False;952;29.50;16.50;True;False;False;False;1;10.222312015417629;0;10.222312015417629;10.222312015417629
822;31.50;13.50;True;False;False;False;955;32.50;16.50;True;False;False;False;1;9.421948040901043;0;9.421948040901043;9.421948040901043
822;31.50;13.50;True;False;False;False;957;34.50;16.50;True;False;False;False;1;13.88178577068902;0;13.88178577068902;13.88178577068902
822;31.50;13.50;True;False;False;False;962;39.50;16.50;True;False;False;False;1;15.080829736876694;0;15.080829736876694;15.080829736876694
822;31.50;13.50;True;False;False;False;963;40.50;16.50;True;False;False;False;1;14.511569680519642;0;14.511569680519642;14.511569680519642
822;31.50;13.50;True;False;False;False;965;42.50;16.50;True;False;False;False;1;17.5763860958823;0;17.5763860958823;17.5763860958823
822;31.50;13.50;True;False;False;False;967;44.50;16.50;True;False;False;False;1;17.521555814579187;0;17.521555814579187;17.521555814579187
822;31.50;13.50;True;False;False;False;968;45.50;16.50;True;False;False;False;1;19.096570483974574;0;19.096570483974574;19.096570483974574
822;31.50;13.50;True;False;False;False;969;46.50;16.50;True;False;False;False;2;19.443609121526606;0.5419395227841852;18.92306156232371;19.964156680729502
822;31.50;13.50;True;False;False;False;975;52.50;16.50;True;False;False;False;4;24.950780182102335;3.9373875937214375;23.630262741635306;27.905826542122668
822;31.50;13.50;True;False;False;False;979;12.50;17.50;True;False;False;False;1;23.305108441602897;0;23.305108441602897;23.305108441602897
822;31.50;13.50;True;False;False;False;992;25.50;17.50;True;False;False;False;1;13.988975487369316;0;13.988975487369316;13.988975487369316
822;31.50;13.50;True;False;False;False;999;32.50;17.50;True;False;False;False;2;11.933239541922376;11.471151495871572;9.538333333333867;14.328145750510885
822;31.50;13.50;True;False;False;False;1001;34.50;17.50;True;False;False;False;2;13.00315160604623;0.004673253821209862;12.954812937150564;13.051490274941898
822;31.50;13.50;True;False;False;False;1003;36.50;17.50;True;False;False;False;1;14.028901686895551;0;14.028901686895551;14.028901686895551
822;31.50;13.50;True;False;False;False;1004;37.50;17.50;True;False;False;False;2;14.773382228131595;0.7062004088013959;14.179159875471669;15.367604580791522
822;31.50;13.50;True;False;False;False;1006;39.50;17.50;True;False;False;False;5;16.56859163353365;7.685681827218234;14.616572875245765;21.41129150101915
822;31.50;13.50;True;False;False;False;1007;40.50;17.50;True;False;False;False;1;15.53296935878825;0;15.53296935878825;15.53296935878825
822;31.50;13.50;True;False;False;False;1008;41.50;17.50;True;False;False;False;1;16.323534243176255;0;16.323534243176255;16.323534243176255
822;31.50;13.50;True;False;False;False;1009;42.50;17.50;True;False;False;False;2;17.137219027485116;0.7266820987662118;16.534441249707015;17.739996805263218
822;31.50;13.50;True;False;False;False;1011;44.50;17.50;True;False;False;False;5;18.876237995548763;0.2047019898219724;18.42932266574735;19.51611111110651
822;31.50;13.50;True;False;False;False;1012;45.50;17.50;True;False;False;False;4;19.400553556449836;0.28236038148062803;18.701572875254442;19.829992003586085
822;31.50;13.50;True;False;False;False;1013;46.50;17.50;True;False;False;False;2;22.349769117923643;8.67400314563273;20.267222222217242;24.432316013630043
822;31.50;13.50;True;False;False;False;1014;47.50;17.50;True;False;False;False;1;19.972777777775264;0;19.972777777775264;19.972777777775264
822;31.50;13.50;True;False;False;False;1016;49.50;17.50;True;False;False;False;6;23.656509681283673;2.0615721573091474;22.402662407628668;26.191663471929132
822;31.50;13.50;True;False;False;False;1017;50.50;17.50;True;False;False;False;4;28.405880028179126;43.98557906577902;23.047965360599846;36.842033835964685
822;31.50;13.50;True;False;False;False;1018;51.50;17.50;True;False;False;False;3;23.266853101698263;0.14170724797833859;22.839001867712796;23.547222222219716
822;31.50;13.50;True;False;False;False;1019;52.50;17.50;True;False;False;False;5;24.17298507920568;0.3086439045675048;23.647777777779993;24.844825999571185
822;31.50;13.50;True;False;False;False;1074;19.50;19.50;True;False;False;False;1;19.02709248536121;0;19.02709248536121;19.02709248536121
822;31.50;13.50;True;False;False;False;1076;21.50;19.50;True;False;False;False;1;19.420277376044396;0;19.420277376044396;19.420277376044396
822;31.50;13.50;True;False;False;False;1077;22.50;19.50;True;False;False;False;1;17.535461764144202;0;17.535461764144202;17.535461764144202
822;31.50;13.50;True;False;False;False;1080;25.50;19.50;True;False;False;False;3;15.004291849455663;0.2951741061510239;14.377777777775918;15.34555236082042
822;31.50;13.50;True;False;False;False;1086;31.50;19.50;True;False;False;False;1;8.048145750507501;0;8.048145750507501;8.048145750507501
822;31.50;13.50;True;False;False;False;1089;34.50;19.50;True;False;False;False;1;13.846392485334945;0;13.846392485334945;13.846392485334945
822;31.50;13.50;True;False;False;False;1090;35.50;19.50;True;False;False;False;1;15.828427124746668;0;15.828427124746668;15.828427124746668
822;31.50;13.50;True;False;False;False;1094;39.50;19.50;True;False;False;False;3;20.076640465951794;12.133988084935527;16.50480922243878;23.464275245623867
822;31.50;13.50;True;False;False;False;1095;40.50;19.50;True;False;False;False;1;16.339256058170577;0;16.339256058170577;16.339256058170577
822;31.50;13.50;True;False;False;False;1097;42.50;19.50;True;False;False;False;1;17.90573994364422;0;17.90573994364422;17.90573994364422
822;31.50;13.50;True;False;False;False;1099;44.50;19.50;True;False;False;False;2;20.154857715509934;1.3168392072665431;19.343427124742448;20.96628830627742
822;31.50;13.50;True;False;False;False;1100;45.50;19.50;True;False;False;False;2;20.910462165867557;0.19242821079374153;20.60027817950322;21.220646152231893
822;31.50;13.50;True;False;False;False;1101;46.50;19.50;True;False;False;False;2;30.32102291525166;147.46149670039688;21.734361844136856;38.907683986366465
822;31.50;13.50;True;False;False;False;1102;47.50;19.50;True;False;False;False;1;22.996030921094643;0;22.996030921094643;22.996030921094643
822;31.50;13.50;True;False;False;False;1104;49.50;19.50;True;False;False;False;3;23.941389558433002;0.1336517242108738;23.54166666666788;24.258800702571534
822;31.50;13.50;True;False;False;False;1105;50.50;19.50;True;False;False;False;2;24.500012386748494;2.8441877345848983E-06;24.49881987097615;24.50120490252084
822;31.50;13.50;True;False;False;False;1106;51.50;19.50;True;False;False;False;2;33.856947639173086;36.74000535835677;29.57092352827749;38.14297175006868
822;31.50;13.50;True;False;False;False;1107;52.50;19.50;True;False;False;False;4;28.86933386420742;8.209340372283709;25.30539221755862;31.93083692978871
822;31.50;13.50;True;False;False;False;1109;10.50;20.50;True;False;False;False;1;26.23239541919429;0;26.23239541919429;26.23239541919429
822;31.50;13.50;True;False;False;False;1115;16.50;20.50;True;False;False;False;1;21.793520916155103;0;21.793520916155103;21.793520916155103
822;31.50;13.50;True;False;False;False;1131;32.50;20.50;True;False;False;False;1;12.654350653021538;0;12.654350653021538;12.654350653021538
822;31.50;13.50;True;False;False;False;1134;35.50;20.50;True;False;False;False;1;15.178782016024343;0;15.178782016024343;15.178782016024343
822;31.50;13.50;True;False;False;False;1136;37.50;20.50;True;False;False;False;1;15.475558750295022;0;15.475558750295022;15.475558750295022
822;31.50;13.50;True;False;False;False;1141;42.50;20.50;True;False;False;False;1;37.16481561191904;0;37.16481561191904;37.16481561191904
822;31.50;13.50;True;False;False;False;1150;51.50;20.50;True;False;False;False;1;39.68176365281943;0;39.68176365281943;39.68176365281943
822;31.50;13.50;True;False;False;False;1151;52.50;20.50;True;False;False;False;2;26.509767520561127;0.025794387662308977;26.39620170778653;26.623333333335722
822;31.50;13.50;True;False;False;False;1219;32.50;22.50;True;False;False;False;1;13.508144947054461;0;13.508144947054461;13.508144947054461
822;31.50;13.50;True;False;False;False;1226;39.50;22.50;True;False;False;False;1;18.56433466035378;0;18.56433466035378;18.56433466035378
822;31.50;13.50;True;False;False;False;1231;44.50;22.50;True;False;False;False;1;22.222499598256036;0;22.222499598256036;22.222499598256036
822;31.50;13.50;True;False;False;False;1234;47.50;22.50;True;False;False;False;1;23.758243540105468;0;23.758243540105468;23.758243540105468
822;31.50;13.50;True;False;False;False;1236;49.50;22.50;True;False;False;False;1;25.127409805045318;0;25.127409805045318;25.127409805045318
822;31.50;13.50;True;False;False;False;1237;50.50;22.50;True;False;False;False;1;25.90452784821173;0;25.90452784821173;25.90452784821173
822;31.50;13.50;True;False;False;False;1246;15.50;23.50;True;False;False;False;1;24.557069261660217;0;24.557069261660217;24.557069261660217
822;31.50;13.50;True;False;False;False;1251;20.50;23.50;True;False;False;False;1;21.198170259676772;0;21.198170259676772;21.198170259676772
822;31.50;13.50;True;False;False;False;1253;22.50;23.50;True;False;False;False;2;20.226388888888778;0.29772979170190855;19.840558750290256;20.6122190274873
822;31.50;13.50;True;False;False;False;1258;27.50;23.50;True;False;False;False;1;18.703982680302033;0;18.703982680302033;18.703982680302033
822;31.50;13.50;True;False;False;False;1263;32.50;23.50;True;False;False;False;1;13.354725818688166;0;13.354725818688166;13.354725818688166
822;31.50;13.50;True;False;False;False;1265;34.50;23.50;True;False;False;False;3;18.580804333255703;17.756844818257633;15.542134820279898;23.391295499190164
822;31.50;13.50;True;False;False;False;1273;42.50;23.50;True;False;False;False;2;21.777998272187688;0.04090066651228359;21.63499361052891;21.921002933846466
822;31.50;13.50;True;False;False;False;1275;44.50;23.50;True;False;False;False;1;22.631569680517714;0;22.631569680517714;22.631569680517714
822;31.50;13.50;True;False;False;False;1277;46.50;23.50;True;False;False;False;2;24.86631666665562;1.9009823688680405;23.891385292437917;25.841248040873324
822;31.50;13.50;True;False;False;False;1278;47.50;23.50;True;False;False;False;1;25.389441249708398;0;25.389441249708398;25.389441249708398
822;31.50;13.50;True;False;False;False;1282;51.50;23.50;True;False;False;False;1;27.228430319482868;0;27.228430319482868;27.228430319482868
822;31.50;13.50;True;False;False;False;1345;26.50;25.50;True;False;False;False;1;18.506666666653473;0;18.506666666653473;18.506666666653473
822;31.50;13.50;True;False;False;False;1356;37.50;25.50;True;False;False;False;1;23.860266969326403;0;23.860266969326403;23.860266969326403
822;31.50;13.50;True;False;False;False;1361;42.50;25.50;True;False;False;False;1;22.74703463939477;0;22.74703463939477;22.74703463939477
822;31.50;13.50;True;False;False;False;1365;46.50;25.50;True;False;False;False;1;25.917316013634263;0;25.917316013634263;25.917316013634263
822;31.50;13.50;True;False;False;False;1366;47.50;25.50;True;False;False;False;1;26.022965360607486;0;26.022965360607486;26.022965360607486
822;31.50;13.50;True;False;False;False;1371;52.50;25.50;True;False;False;False;1;29.620371167449775;0;29.620371167449775;29.620371167449775
822;31.50;13.50;True;False;False;False;1395;32.50;26.50;True;False;False;False;1;16.64852330744634;0;16.64852330744634;16.64852330744634
822;31.50;13.50;True;False;False;False;1400;37.50;26.50;True;False;False;False;1;19.80834771917307;0;19.80834771917307;19.80834771917307
822;31.50;13.50;True;False;False;False;1410;47.50;26.50;True;False;False;False;1;28.827319208368408;0;28.827319208368408;28.827319208368408
822;31.50;13.50;True;False;False;False;1412;49.50;26.50;True;False;False;False;1;30.132289633285836;0;30.132289633285836;30.132289633285836
822;31.50;13.50;True;False;False;False;1413;50.50;26.50;True;False;False;False;1;28.791479887291644;0;28.791479887291644;28.791479887291644
823;32.50;13.50;True;False;False;False;28;61.50;9.50;False;False;True;False;7;96.43526805516323;78.62669408073573;85.96139648353346;112.10510018090645
823;32.50;13.50;True;False;False;False;44;61.50;15.50;False;False;True;False;2;86.17842952555202;626.114387682055;68.48500719291587;103.87185185818817
823;32.50;13.50;True;False;False;False;60;61.50;21.50;False;False;True;False;2;108.35853385594419;3.052223871537093;107.12317482482467;109.5938928870637
823;32.50;13.50;True;False;False;False;76;0.50;6.50;False;True;False;False;1;583.6541577487369;0;583.6541577487369;583.6541577487369
823;32.50;13.50;True;False;False;False;92;0.50;12.50;False;True;False;False;2;282.1844280595083;121.29320938925869;274.39683506201357;289.9720210570031
823;32.50;13.50;True;False;False;False;303;40.50;1.50;True;False;False;False;1;20.72751637539841;0;20.72751637539841;20.72751637539841
823;32.50;13.50;True;False;False;False;313;50.50;1.50;True;False;False;False;1;27.414260056355488;0;27.414260056355488;27.414260056355488
823;32.50;13.50;True;False;False;False;353;46.50;2.50;True;False;False;False;1;26.649486259646437;0;26.649486259646437;26.649486259646437
823;32.50;13.50;True;False;False;False;427;32.50;4.50;True;False;False;False;1;10.608888888886213;0;10.608888888886213;10.608888888886213
823;32.50;13.50;True;False;False;False;432;37.50;4.50;True;False;False;False;1;16.526204902544123;0;16.526204902544123;16.526204902544123
823;32.50;13.50;True;False;False;False;437;42.50;4.50;True;False;False;False;1;20.245187582826475;0;20.245187582826475;20.245187582826475
823;32.50;13.50;True;False;False;False;439;44.50;4.50;True;False;False;False;1;21.400933915940186;0;21.400933915940186;21.400933915940186
823;32.50;13.50;True;False;False;False;447;52.50;4.50;True;False;False;False;1;33.22935465121827;0;33.22935465121827;33.22935465121827
823;32.50;13.50;True;False;False;False;475;36.50;5.50;True;False;False;False;1;15.048333333335904;0;15.048333333335904;15.048333333335904
823;32.50;13.50;True;False;False;False;480;41.50;5.50;True;False;False;False;1;18.544999999999618;0;18.544999999999618;18.544999999999618
823;32.50;13.50;True;False;False;False;484;45.50;5.50;True;False;False;False;1;21.370836929796496;0;21.370836929796496;21.370836929796496
823;32.50;13.50;True;False;False;False;485;46.50;5.50;True;False;False;False;1;34.263520916160815;0;34.263520916160815;34.263520916160815
823;32.50;13.50;True;False;False;False;486;47.50;5.50;True;False;False;False;3;22.620323460494546;0.3326750195934912;22.007225416958136;23.152168091080057
823;32.50;13.50;True;False;False;False;488;49.50;5.50;True;False;False;False;1;24.298427124745558;0;24.298427124745558;24.298427124745558
823;32.50;13.50;True;False;False;False;489;50.50;5.50;True;False;False;False;1;25.063431122929615;0;25.063431122929615;25.063431122929615
823;32.50;13.50;True;False;False;False;491;52.50;5.50;True;False;False;False;2;28.83217692387916;15.434642014364938;26.054170263127162;31.61018358463116
823;32.50;13.50;True;False;False;False;562;35.50;7.50;True;False;False;False;1;13.449544163093378;0;13.449544163093378;13.449544163093378
823;32.50;13.50;True;False;False;False;567;40.50;7.50;True;False;False;False;1;17.341746072234855;0;17.341746072234855;17.341746072234855
823;32.50;13.50;True;False;False;False;568;41.50;7.50;True;False;False;False;2;17.28111270847785;0.14700073688183518;17.010003194736782;17.552222222218916
823;32.50;13.50;True;False;False;False;573;46.50;7.50;True;False;False;False;1;27.712316013634336;0;27.712316013634336;27.712316013634336
823;32.50;13.50;True;False;False;False;579;52.50;7.50;True;False;False;False;1;24.409188892574093;0;24.409188892574093;24.409188892574093
823;32.50;13.50;True;False;False;False;590;19.50;8.50;True;False;False;False;1;20.214618444882944;0;20.214618444882944;20.214618444882944
823;32.50;13.50;True;False;False;False;598;27.50;8.50;True;False;False;False;1;14.092216352619289;0;14.092216352619289;14.092216352619289
823;32.50;13.50;True;False;False;False;606;35.50;8.50;True;False;False;False;1;13.399725818684601;0;13.399725818684601;13.399725818684601
823;32.50;13.50;True;False;False;False;610;39.50;8.50;True;False;False;False;2;16.801541972284213;0.9921326206638794;16.09722222221899;17.505861722349437
823;32.50;13.50;True;False;False;False;620;49.50;8.50;True;False;False;False;3;22.7481534732345;0.7163137318606541;22.246568337945064;23.725322662132385
823;32.50;13.50;True;False;False;False;691;32.50;10.50;True;False;False;False;1;6.144624834349088;0;6.144624834349088;6.144624834349088
823;32.50;13.50;True;False;False;False;696;37.50;10.50;True;False;False;False;1;13.407503596460856;0;13.407503596460856;13.407503596460856
823;32.50;13.50;True;False;False;False;699;40.50;10.50;True;False;False;False;1;14.775833735059678;0;14.775833735059678;14.775833735059678
823;32.50;13.50;True;False;False;False;703;44.50;10.50;True;False;False;False;1;17.888239541919575;0;17.888239541919575;17.888239541919575
823;32.50;13.50;True;False;False;False;711;52.50;10.50;True;False;False;False;1;23.322037834139337;0;23.322037834139337;23.322037834139337
823;32.50;13.50;True;False;False;False;724;21.50;11.50;True;False;False;False;1;16.089996805259943;0;16.089996805259943;16.089996805259943
823;32.50;13.50;True;False;False;False;735;32.50;11.50;True;False;False;False;1;5.906211292010994;0;5.906211292010994;5.906211292010994
823;32.50;13.50;True;False;False;False;739;36.50;11.50;True;False;False;False;1;11.2058071092506;0;11.2058071092506;11.2058071092506
823;32.50;13.50;True;False;False;False;740;37.50;11.50;True;False;False;False;1;12.522323206554574;0;12.522323206554574;12.522323206554574
823;32.50;13.50;True;False;False;False;742;39.50;11.50;True;False;False;False;2;13.353055555550782;1.5553211484945635;12.471204902522004;14.23490620857956
823;32.50;13.50;True;False;False;False;750;47.50;11.50;True;False;False;False;1;19.429051679149325;0;19.429051679149325;19.429051679149325
823;32.50;13.50;True;False;False;False;753;50.50;11.50;True;False;False;False;1;20.1098292133712;0;20.1098292133712;20.1098292133712
823;32.50;13.50;True;False;False;False;755;52.50;11.50;True;False;False;False;1;21.149444444447;0;21.149444444447;21.149444444447
823;32.50;13.50;True;False;False;False;802;11.50;13.50;True;False;False;False;1;26.801118304010743;0;26.801118304010743;26.801118304010743
823;32.50;13.50;True;False;False;False;820;29.50;13.50;True;False;False;False;1;12.521770845745777;0;12.521770845745777;12.521770845745777
823;32.50;13.50;True;False;False;False;821;30.50;13.50;True;False;False;False;3;8.834202591842768;46.610801352964856;4.7252011652090005;16.715184388103808
823;32.50;13.50;True;False;False;False;822;31.50;13.50;True;False;False;False;1;7.166842500637358;0;7.166842500637358;7.166842500637358
823;32.50;13.50;True;False;False;False;826;35.50;13.50;True;False;False;False;1;6.204638416740863;0;6.204638416740863;6.204638416740863
823;32.50;13.50;True;False;False;False;831;40.50;13.50;True;False;False;False;1;9.213423930006684;0;9.213423930006684;9.213423930006684
823;32.50;13.50;True;False;False;False;833;42.50;13.50;True;False;False;False;1;7.79712843082234;0;7.79712843082234;7.79712843082234
823;32.50;13.50;True;False;False;False;836;45.50;13.50;True;False;False;False;1;12.78093072120646;0;12.78093072120646;12.78093072120646
823;32.50;13.50;True;False;False;False;837;46.50;13.50;True;False;False;False;1;13.547770584856153;0;13.547770584856153;13.547770584856153
823;32.50;13.50;True;False;False;False;838;47.50;13.50;True;False;False;False;1;13.8420418323185;0;13.8420418323185;13.8420418323185
823;32.50;13.50;True;False;False;False;840;49.50;13.50;True;False;False;False;1;15.26445163736389;0;15.26445163736389;15.26445163736389
823;32.50;13.50;True;False;False;False;841;50.50;13.50;True;False;False;False;1;16.325532143429882;0;16.325532143429882;16.325532143429882
823;32.50;13.50;True;False;False;False;842;51.50;13.50;True;False;False;False;1;16.776295499201296;0;16.776295499201296;16.776295499201296
823;32.50;13.50;True;False;False;False;843;52.50;13.50;True;False;False;False;2;18.85069624267453;4.895266306809925;17.286204902524332;20.41518758282473
823;32.50;13.50;True;False;False;False;867;32.50;14.50;True;False;False;False;1;8.088333333311311;0;8.088333333311311;8.088333333311311
823;32.50;13.50;True;False;False;False;869;34.50;14.50;True;False;False;False;1;7.864632027266907;0;7.864632027266907;7.864632027266907
823;32.50;13.50;True;False;False;False;872;37.50;14.50;True;False;False;False;1;11.456493469680936;0;11.456493469680936;11.456493469680936
823;32.50;13.50;True;False;False;False;877;42.50;14.50;True;False;False;False;1;14.50207565095343;0;14.50207565095343;14.50207565095343
823;32.50;13.50;True;False;False;False;879;44.50;14.50;True;False;False;False;1;16.400939501959783;0;16.400939501959783;16.400939501959783
823;32.50;13.50;True;False;False;False;884;49.50;14.50;True;False;False;False;1;23.932590998403157;0;23.932590998403157;23.932590998403157
823;32.50;13.50;True;False;False;False;886;51.50;14.50;True;False;False;False;1;22.72138929061839;0;22.72138929061839;22.72138929061839
823;32.50;13.50;True;False;False;False;887;52.50;14.50;True;False;False;False;1;21.625649346966384;0;21.625649346966384;21.625649346966384
823;32.50;13.50;True;False;False;False;964;41.50;16.50;True;False;False;False;1;17.05055555555373;0;17.05055555555373;17.05055555555373
823;32.50;13.50;True;False;False;False;967;44.50;16.50;True;False;False;False;1;17.23120090433804;0;17.23120090433804;17.23120090433804
823;32.50;13.50;True;False;False;False;972;49.50;16.50;True;False;False;False;1;19.705461764143024;0;19.705461764143024;19.705461764143024
823;32.50;13.50;True;False;False;False;975;52.50;16.50;True;False;False;False;2;22.89191977779251;0.2959270779900983;22.50725948741274;23.27658006817228
823;32.50;13.50;True;False;False;False;981;14.50;17.50;True;False;False;False;1;21.499809222434124;0;21.499809222434124;21.499809222434124
823;32.50;13.50;True;False;False;False;986;19.50;17.50;True;False;False;False;1;19.550649346969294;0;19.550649346969294;19.550649346969294
823;32.50;13.50;True;False;False;False;997;30.50;17.50;True;False;False;False;1;15.295190777560947;0;15.295190777560947;15.295190777560947
823;32.50;13.50;True;False;False;False;1001;34.50;17.50;True;False;False;False;1;11.563782318524318;0;11.563782318524318;11.563782318524318
823;32.50;13.50;True;False;False;False;1003;36.50;17.50;True;False;False;False;1;12.636389290614716;0;12.636389290614716;12.636389290614716
823;32.50;13.50;True;False;False;False;1008;41.50;17.50;True;False;False;False;1;16.2878467957089;0;16.2878467957089;16.2878467957089
823;32.50;13.50;True;False;False;False;1009;42.50;17.50;True;False;False;False;1;16.693614707570305;0;16.693614707570305;16.693614707570305
823;32.50;13.50;True;False;False;False;1012;45.50;17.50;True;False;False;False;1;18.38850014084892;0;18.38850014084892;18.38850014084892
823;32.50;13.50;True;False;False;False;1013;46.50;17.50;True;False;False;False;1;19.01638848716334;0;19.01638848716334;19.01638848716334
823;32.50;13.50;True;False;False;False;1017;50.50;17.50;True;False;False;False;1;42.52620490253048;0;42.52620490253048;42.52620490253048
823;32.50;13.50;True;False;False;False;1018;51.50;17.50;True;False;False;False;1;46.40337115016382;0;46.40337115016382;46.40337115016382
823;32.50;13.50;True;False;False;False;1092;37.50;19.50;True;False;False;False;2;15.112569400631173;0.5954856262043206;14.566911253892613;15.658227547369734
823;32.50;13.50;True;False;False;False;1094;39.50;19.50;True;False;False;False;1;16.34407647170883;0;16.34407647170883;16.34407647170883
823;32.50;13.50;True;False;False;False;1102;47.50;19.50;True;False;False;False;1;21.271851054757008;0;21.271851054757008;21.271851054757008
823;32.50;13.50;True;False;False;False;1107;52.50;19.50;True;False;False;False;1;24.244725818682127;0;24.244725818682127;24.244725818682127
823;32.50;13.50;True;False;False;False;1109;10.50;20.50;True;False;False;False;1;26.400735945466295;0;26.400735945466295;26.400735945466295
823;32.50;13.50;True;False;False;False;1141;42.50;20.50;True;False;False;False;1;18.646029314213592;0;18.646029314213592;18.646029314213592
823;32.50;13.50;True;False;False;False;1146;47.50;20.50;True;False;False;False;1;26.006204902523223;0;26.006204902523223;26.006204902523223
823;32.50;13.50;True;False;False;False;1233;46.50;22.50;True;False;False;False;1;23.79673968272982;0;23.79673968272982;23.79673968272982
823;32.50;13.50;True;False;False;False;1236;49.50;22.50;True;False;False;False;1;25.032222222222117;0;25.032222222222117;25.032222222222117
823;32.50;13.50;True;False;False;False;1239;52.50;22.50;True;False;False;False;1;28.872683986370248;0;28.872683986370248;28.872683986370248
823;32.50;13.50;True;False;False;False;1263;32.50;23.50;True;False;False;False;1;18.47463122382169;0;18.47463122382169;18.47463122382169
823;32.50;13.50;True;False;False;False;1272;41.50;23.50;True;False;False;False;1;20.6860447488707;0;20.6860447488707;20.6860447488707
823;32.50;13.50;True;False;False;False;1273;42.50;23.50;True;False;False;False;1;20.74334052625545;0;20.74334052625545;20.74334052625545
823;32.50;13.50;True;False;False;False;1276;45.50;23.50;True;False;False;False;1;23.461666666667043;0;23.461666666667043;23.461666666667043
823;32.50;13.50;True;False;False;False;1277;46.50;23.50;True;False;False;False;1;28.79518758281847;0;28.79518758281847;28.79518758281847
823;32.50;13.50;True;False;False;False;1409;46.50;26.50;True;False;False;False;1;24.88468742464761;0;24.88468742464761;24.88468742464761
825;34.50;13.50;True;False;False;False;28;61.50;9.50;False;False;True;False;1;46.541725835806574;0;46.541725835806574;46.541725835806574
825;34.50;13.50;True;False;False;False;44;61.50;15.50;False;False;True;False;1;100.52219746781884;0;100.52219746781884;100.52219746781884
825;34.50;13.50;True;False;False;False;312;49.50;1.50;True;False;False;False;1;26.429076471714495;0;26.429076471714495;26.429076471714495
825;34.50;13.50;True;False;False;False;561;34.50;7.50;True;False;False;False;1;10.583333333333336;0;10.583333333333336;10.583333333333336
825;34.50;13.50;True;False;False;False;623;52.50;8.50;True;False;False;False;1;23.11960566593541;0;23.11960566593541;23.11960566593541
825;34.50;13.50;True;False;False;False;733;30.50;11.50;True;False;False;False;1;19.58676045807806;0;19.58676045807806;19.58676045807806
825;34.50;13.50;True;False;False;False;821;30.50;13.50;True;False;False;False;1;12.987999982875408;0;12.987999982875408;12.987999982875408
825;34.50;13.50;True;False;False;False;836;45.50;13.50;True;False;False;False;1;10.79435784594898;0;10.79435784594898;10.79435784594898
825;34.50;13.50;True;False;False;False;843;52.50;13.50;True;False;False;False;1;15.830833735059059;0;15.830833735059059;15.830833735059059
825;34.50;13.50;True;False;False;False;1009;42.50;17.50;True;False;False;False;1;18.73612790730806;0;18.73612790730806;18.73612790730806
826;35.50;13.50;True;False;False;False;28;61.50;9.50;False;False;True;False;4;121.52175146219724;1021.8672116162982;95.15105513665549;167.47490142602328
826;35.50;13.50;True;False;False;False;44;61.50;15.50;False;False;True;False;1;100.65026379366054;0;100.65026379366054;100.65026379366054
826;35.50;13.50;True;False;False;False;60;61.50;21.50;False;False;True;False;3;108.67613465272673;562.7775659467281;89.37563976276942;135.16074394182579
826;35.50;13.50;True;False;False;False;475;36.50;5.50;True;False;False;False;1;13.821030098621122;0;13.821030098621122;13.821030098621122
826;35.50;13.50;True;False;False;False;616;45.50;8.50;True;False;False;False;1;19.847695177451897;0;19.847695177451897;19.847695177451897
826;35.50;13.50;True;False;False;False;691;32.50;10.50;True;False;False;False;1;11.39787156919374;0;11.39787156919374;11.39787156919374
826;35.50;13.50;True;False;False;False;821;30.50;13.50;True;False;False;False;1;13.471430503937881;0;13.471430503937881;13.471430503937881
826;35.50;13.50;True;False;False;False;833;42.50;13.50;True;False;False;False;1;8.719999999997526;0;8.719999999997526;8.719999999997526
826;35.50;13.50;True;False;False;False;838;47.50;13.50;True;False;False;False;1;15.165921137009718;0;15.165921137009718;15.165921137009718
826;35.50;13.50;True;False;False;False;841;50.50;13.50;True;False;False;False;1;13.568520916160196;0;13.568520916160196;13.568520916160196
827;36.50;13.50;True;False;False;False;28;61.50;9.50;False;False;True;False;1;172.7610903358036;0;172.7610903358036;172.7610903358036
827;36.50;13.50;True;False;False;False;44;61.50;15.50;False;False;True;False;2;156.10272675160962;8496.732636156336;90.92323367228164;221.28221983093763
827;36.50;13.50;True;False;False;False;734;31.50;11.50;True;False;False;False;1;12.577871569190393;0;12.577871569190393;12.577871569190393
827;36.50;13.50;True;False;False;False;822;31.50;13.50;True;False;False;False;1;7.5090764717097045;0;7.5090764717097045;7.5090764717097045
827;36.50;13.50;True;False;False;False;862;27.50;14.50;True;False;False;False;1;13.37694804090279;0;13.37694804090279;13.37694804090279
828;37.50;13.50;True;False;False;False;12;61.50;3.50;False;False;True;False;2;100.89217892297461;909.0496585471928;79.57259099840167;122.21176684754755
828;37.50;13.50;True;False;False;False;28;61.50;9.50;False;False;True;False;3;78.96398854048572;97.18021965508491;69.2220418323182;88.93408685935538
828;37.50;13.50;True;False;False;False;44;61.50;15.50;False;False;True;False;3;76.89728963323341;254.20768978259167;67.5249437800394;95.30669248899358
828;37.50;13.50;True;False;False;False;60;61.50;21.50;False;False;True;False;3;129.73172823041568;2474.322354319709;100.97868850810482;187.16947641085062
828;37.50;13.50;True;False;False;False;108;0.50;18.50;False;True;False;False;1;580.698896904265;0;580.698896904265;580.698896904265
828;37.50;13.50;True;False;False;False;309;46.50;1.50;True;False;False;False;1;21.29963202727049;0;21.29963202727049;21.29963202727049
828;37.50;13.50;True;False;False;False;732;29.50;11.50;True;False;False;False;1;18.16629549920617;0;18.16629549920617;18.16629549920617
828;37.50;13.50;True;False;False;False;734;31.50;11.50;True;False;False;False;3;14.656477836229405;20.245689996833665;12.009148939738225;19.85176045807964
828;37.50;13.50;True;False;False;False;820;29.50;13.50;True;False;False;False;1;16.36852091615947;0;16.36852091615947;16.36852091615947
828;37.50;13.50;True;False;False;False;823;32.50;13.50;True;False;False;False;1;6.259906208586472;0;6.259906208586472;6.259906208586472
828;37.50;13.50;True;False;False;False;874;39.50;14.50;True;False;False;False;1;9.004451637363672;0;9.004451637363672;9.004451637363672
828;37.50;13.50;True;False;False;False;957;34.50;16.50;True;False;False;False;1;11.171572875253332;0;11.171572875253332;11.171572875253332
828;37.50;13.50;True;False;False;False;967;44.50;16.50;True;False;False;False;1;14.623513723234282;0;14.623513723234282;14.623513723234282
828;37.50;13.50;True;False;False;False;1070;15.50;19.50;True;False;False;False;1;26.174076471710578;0;26.174076471710578;26.174076471710578
828;37.50;13.50;True;False;False;False;1102;47.50;19.50;True;False;False;False;1;18.619777775958937;0;18.619777775958937;18.619777775958937
830;39.50;13.50;True;False;False;False;12;61.50;3.50;False;False;True;False;3;143.89928241947868;2994.669770303637;97.43536877617225;204.2189503731788
830;39.50;13.50;True;False;False;False;28;61.50;9.50;False;False;True;False;5;107.25326128137635;805.4107807981884;79.02121422239543;154.47972581866634
830;39.50;13.50;True;False;False;False;44;61.50;15.50;False;False;True;False;4;86.14247515564682;39.89177668848892;81.65739861393968;95.4048100259115
830;39.50;13.50;True;False;False;False;60;61.50;21.50;False;False;True;False;1;153.27982360827082;0;153.27982360827082;153.27982360827082
830;39.50;13.50;True;False;False;False;76;0.50;6.50;False;True;False;False;1;568.4832650943245;0;568.4832650943245;568.4832650943245
830;39.50;13.50;True;False;False;False;92;0.50;12.50;False;True;False;False;1;246.96519477572656;0;246.96519477572656;246.96519477572656
830;39.50;13.50;True;False;False;False;124;0.50;24.50;False;True;False;False;1;546.0327047807114;0;546.0327047807114;546.0327047807114
830;39.50;13.50;True;False;False;False;689;30.50;10.50;True;False;False;False;1;14.714996805264263;0;14.714996805264263;14.714996805264263
830;39.50;13.50;True;False;False;False;733;30.50;11.50;True;False;False;False;1;13.726763652826776;0;13.726763652826776;13.726763652826776
830;39.50;13.50;True;False;False;False;734;31.50;11.50;True;False;False;False;2;16.11750359646203;4.34201737698142;14.644069278790994;17.590937914133065
830;39.50;13.50;True;False;False;False;745;42.50;11.50;True;False;False;False;1;10.101204902522568;0;10.101204902522568;10.101204902522568
830;39.50;13.50;True;False;False;False;750;47.50;11.50;True;False;False;False;1;14.200555555547908;0;14.200555555547908;14.200555555547908
830;39.50;13.50;True;False;False;False;820;29.50;13.50;True;False;False;False;1;19.11544632627374;0;19.11544632627374;19.11544632627374
830;39.50;13.50;True;False;False;False;822;31.50;13.50;True;False;False;False;4;10.72700973371684;5.293411094221638;9.00647908382598;14.088888888889414
830;39.50;13.50;True;False;False;False;854;19.50;14.50;True;False;False;False;1;20.318860920637235;0;20.318860920637235;20.318860920637235
830;39.50;13.50;True;False;False;False;864;29.50;14.50;True;False;False;False;2;16.990696644401396;9.707292668186803;14.787597387878122;19.19379590092467
830;39.50;13.50;True;False;False;False;1013;46.50;17.50;True;False;False;False;1;14.42186144241714;0;14.42186144241714;14.42186144241714
830;39.50;13.50;True;False;False;False;1016;49.50;17.50;True;False;False;False;1;21.058982680306144;0;21.058982680306144;21.058982680306144
831;40.50;13.50;True;False;False;False;12;61.50;3.50;False;False;True;False;4;131.60375120041314;78.45256151300364;122.0838673101407;142.2928787621022
831;40.50;13.50;True;False;False;False;28;61.50;9.50;False;False;True;False;2;111.76035061400034;70.84214044123871;105.80879029584685;117.71191093215384
831;40.50;13.50;True;False;False;False;44;61.50;15.50;False;False;True;False;2;135.291346383563;3712.2262730856405;92.20871488846024;178.37397787866576
831;40.50;13.50;True;False;False;False;60;61.50;21.50;False;False;True;False;1;71.92082973686047;0;71.92082973686047;71.92082973686047
831;40.50;13.50;True;False;False;False;92;0.50;12.50;False;True;False;False;1;244.287512396279;0;244.287512396279;244.287512396279
831;40.50;13.50;True;False;False;False;734;31.50;11.50;True;False;False;False;1;14.512587000208441;0;14.512587000208441;14.512587000208441
831;40.50;13.50;True;False;False;False;821;30.50;13.50;True;False;False;False;4;18.557152956013624;53.82704533100741;10.292179083859082;28.008333333331393
831;40.50;13.50;True;False;False;False;822;31.50;13.50;True;False;False;False;1;9.933059152022906;0;9.933059152022906;9.933059152022906
831;40.50;13.50;True;False;False;False;864;29.50;14.50;True;False;False;False;1;14.35222622040419;0;14.35222622040419;14.35222622040419
831;40.50;13.50;True;False;False;False;866;31.50;14.50;True;False;False;False;1;15.246358108686763;0;15.246358108686763;15.246358108686763
831;40.50;13.50;True;False;False;False;1007;40.50;17.50;True;False;False;False;1;6.200000000002547;0;6.200000000002547;6.200000000002547
831;40.50;13.50;True;False;False;False;1136;37.50;20.50;True;False;False;False;1;13.631204902524132;0;13.631204902524132;13.631204902524132
832;41.50;13.50;True;False;False;False;12;61.50;3.50;False;False;True;False;3;119.6168988372586;299.1185297485351;105.13546337102161;138.76704770189826
832;41.50;13.50;True;False;False;False;28;61.50;9.50;False;False;True;False;1;101.56259019495155;0;101.56259019495155;101.56259019495155
832;41.50;13.50;True;False;False;False;44;61.50;15.50;False;False;True;False;1;75.36588090971782;0;75.36588090971782;75.36588090971782
832;41.50;13.50;True;False;False;False;60;61.50;21.50;False;False;True;False;1;106.0589674719995;0;106.0589674719995;106.0589674719995
832;41.50;13.50;True;False;False;False;92;0.50;12.50;False;True;False;False;1;239.14082893348314;0;239.14082893348314;239.14082893348314
832;41.50;13.50;True;False;False;False;108;0.50;18.50;False;True;False;False;2;571.3613535860277;403.1644544402277;557.1633879845722;585.5593191874832
832;41.50;13.50;True;False;False;False;342;35.50;2.50;True;False;False;False;1;18.544729013421602;0;18.544729013421602;18.544729013421602
832;41.50;13.50;True;False;False;False;432;37.50;4.50;True;False;False;False;1;16.98325312430825;0;16.98325312430825;16.98325312430825
832;41.50;13.50;True;False;False;False;733;30.50;11.50;True;False;False;False;1;22.544444444443798;0;22.544444444443798;22.544444444443798
832;41.50;13.50;True;False;False;False;820;29.50;13.50;True;False;False;False;2;23.926017158823015;58.62851398883799;18.511752943399188;29.340281374246842
832;41.50;13.50;True;False;False;False;821;30.50;13.50;True;False;False;False;3;15.588334398241082;14.800776153583499;11.162874763918808;18.13611111110731
832;41.50;13.50;True;False;False;False;822;31.50;13.50;True;False;False;False;1;11.21245111015196;0;11.21245111015196;11.21245111015196
833;42.50;13.50;True;False;False;False;12;61.50;3.50;False;False;True;False;4;117.85653170737248;790.0536834971591;96.4916421386788;156.45889608181233
833;42.50;13.50;True;False;False;False;28;61.50;9.50;False;False;True;False;7;109.765788966677;1036.4641584778515;63.7682507330278;157.75852810906872
833;42.50;13.50;True;False;False;False;44;61.50;15.50;False;False;True;False;4;88.24351911792428;446.7811159615126;69.36684305838935;114.14769117927244
833;42.50;13.50;True;False;False;False;92;0.50;12.50;False;True;False;False;2;251.41979003497454;417.6172753878034;236.9695776595836;265.8700024103655
833;42.50;13.50;True;False;False;False;108;0.50;18.50;False;True;False;False;1;502.29252997685944;0;502.29252997685944;502.29252997685944
833;42.50;13.50;True;False;False;False;124;0.50;24.50;False;True;False;False;2;543.9314236578139;125.1242795012932;536.0218004208546;551.8410468947732
833;42.50;13.50;True;False;False;False;442;47.50;4.50;True;False;False;False;1;17.465000000000146;0;17.465000000000146;17.465000000000146
833;42.50;13.50;True;False;False;False;459;20.50;5.50;True;False;False;False;1;29.96528724383097;0;29.96528724383097;29.96528724383097
833;42.50;13.50;True;False;False;False;484;45.50;5.50;True;False;False;False;1;14.643332529880354;0;14.643332529880354;14.643332529880354
833;42.50;13.50;True;False;False;False;574;47.50;7.50;True;False;False;False;1;18.04066958338808;0;18.04066958338808;18.04066958338808
833;42.50;13.50;True;False;False;False;711;52.50;10.50;True;False;False;False;1;16.419999999998254;0;16.419999999998254;16.419999999998254
833;42.50;13.50;True;False;False;False;732;29.50;11.50;True;False;False;False;1;32.14249640353046;0;32.14249640353046;32.14249640353046
833;42.50;13.50;True;False;False;False;821;30.50;13.50;True;False;False;False;2;21.975743138375037;11.23291087501617;19.605836929786165;24.34564934696391
833;42.50;13.50;True;False;False;False;822;31.50;13.50;True;False;False;False;7;11.41458003090403;2.473579194770615;10.344260859787028;14.857597387873284
833;42.50;13.50;True;False;False;False;823;32.50;13.50;True;False;False;False;1;10.654188892569437;0;10.654188892569437;10.654188892569437
833;42.50;13.50;True;False;False;False;865;30.50;14.50;True;False;False;False;1;20.366017319701314;0;20.366017319701314;20.366017319701314
833;42.50;13.50;True;False;False;False;884;49.50;14.50;True;False;False;False;1;11.65713562372548;0;11.65713562372548;11.65713562372548
833;42.50;13.50;True;False;False;False;1017;50.50;17.50;True;False;False;False;1;16.192203573803;0;16.192203573803;16.192203573803
833;42.50;13.50;True;False;False;False;1336;17.50;25.50;True;False;False;False;1;31.728329335144736;0;31.728329335144736;31.728329335144736
835;44.50;13.50;True;False;False;False;12;61.50;3.50;False;False;True;False;4;80.36502804862005;1023.0749276072494;37.945555555535975;110.3216666666658
835;44.50;13.50;True;False;False;False;28;61.50;9.50;False;False;True;False;4;143.44569124494524;811.3746838089802;124.6259059476888;185.86816732925217
835;44.50;13.50;True;False;False;False;44;61.50;15.50;False;False;True;False;6;117.86813091887325;1941.4983251212293;70.91796536060065;195.1961199109137
835;44.50;13.50;True;False;False;False;60;61.50;21.50;False;False;True;False;3;107.264450572442;266.6347772991464;88.86361870575274;120.02742419086644
835;44.50;13.50;True;False;False;False;76;0.50;6.50;False;True;False;False;1;541.2798116137456;0;541.2798116137456;541.2798116137456
835;44.50;13.50;True;False;False;False;92;0.50;12.50;False;True;False;False;1;250.00594510703377;0;250.00594510703377;250.00594510703377
835;44.50;13.50;True;False;False;False;337;30.50;2.50;True;False;False;False;1;27.903330138600722;0;27.903330138600722;27.903330138600722
835;44.50;13.50;True;False;False;False;578;51.50;7.50;True;False;False;False;1;15.546854249489115;0;15.546854249489115;15.546854249489115
835;44.50;13.50;True;False;False;False;724;21.50;11.50;True;False;False;False;1;24.363982680302797;0;24.363982680302797;24.363982680302797
835;44.50;13.50;True;False;False;False;732;29.50;11.50;True;False;False;False;1;23.158891280148964;0;23.158891280148964;23.158891280148964
835;44.50;13.50;True;False;False;False;755;52.50;11.50;True;False;False;False;1;13.252774583059363;0;13.252774583059363;13.252774583059363
835;44.50;13.50;True;False;False;False;816;25.50;13.50;True;False;False;False;1;23.054999999996653;0;23.054999999996653;23.054999999996653
835;44.50;13.50;True;False;False;False;820;29.50;13.50;True;False;False;False;2;25.165611765974063;14.690484921942488;22.455400988013935;27.87582254393419
835;44.50;13.50;True;False;False;False;821;30.50;13.50;True;False;False;False;3;17.934107735518108;48.084212041483966;13.361854249493263;25.912780972511428
835;44.50;13.50;True;False;False;False;822;31.50;13.50;True;False;False;False;2;13.943099256530331;1.3958373472313448;13.10768398637083;14.778514526689833
835;44.50;13.50;True;False;False;False;823;32.50;13.50;True;False;False;False;1;12.102322403104608;0;12.102322403104608;12.102322403104608
835;44.50;13.50;True;False;False;False;865;30.50;14.50;True;False;False;False;1;15.894350653033143;0;15.894350653033143;15.894350653033143
835;44.50;13.50;True;False;False;False;954;31.50;16.50;True;False;False;False;1;17.97119770957579;0;17.97119770957579;17.97119770957579
835;44.50;13.50;True;False;False;False;1128;29.50;20.50;True;False;False;False;1;22.7886187057411;0;22.7886187057411;22.7886187057411
835;44.50;13.50;True;False;False;False;1146;47.50;20.50;True;False;False;False;1;13.6272222222251;0;13.6272222222251;13.6272222222251
835;44.50;13.50;True;False;False;False;1372;9.50;26.50;True;False;False;False;1;38.88684544976422;0;38.88684544976422;38.88684544976422
836;45.50;13.50;True;False;False;False;12;61.50;3.50;False;False;True;False;3;102.58364783338584;263.68610787458954;83.97130908157487;113.85749160193518
836;45.50;13.50;True;False;False;False;28;61.50;9.50;False;False;True;False;7;97.76473494921122;626.3409351592;73.30018517246572;148.34177484392694
836;45.50;13.50;True;False;False;False;44;61.50;15.50;False;False;True;False;2;112.34864520885458;127.1725346056918;104.37454542876367;120.32274498894549
836;45.50;13.50;True;False;False;False;336;29.50;2.50;True;False;False;False;1;26.214621620601974;0;26.214621620601974;26.214621620601974
836;45.50;13.50;True;False;False;False;579;52.50;7.50;True;False;False;False;1;16.274267249276363;0;16.274267249276363;16.274267249276363
836;45.50;13.50;True;False;False;False;733;30.50;11.50;True;False;False;False;1;39.808698914766865;0;39.808698914766865;39.808698914766865
836;45.50;13.50;True;False;False;False;734;31.50;11.50;True;False;False;False;1;18.223200344626093;0;18.223200344626093;18.223200344626093
836;45.50;13.50;True;False;False;False;820;29.50;13.50;True;False;False;False;1;21.070281374228216;0;21.070281374228216;21.070281374228216
836;45.50;13.50;True;False;False;False;821;30.50;13.50;True;False;False;False;1;22.41398268030207;0;22.41398268030207;22.41398268030207
836;45.50;13.50;True;False;False;False;822;31.50;13.50;True;False;False;False;2;16.536808951154853;21.048600235444894;13.292691179291069;19.780926723018638
836;45.50;13.50;True;False;False;False;840;49.50;13.50;True;False;False;False;1;5.8109395019455405;0;5.8109395019455405;5.8109395019455405
836;45.50;13.50;True;False;False;False;875;40.50;14.50;True;False;False;False;1;10.053029899074318;0;10.053029899074318;10.053029899074318
836;45.50;13.50;True;False;False;False;970;47.50;16.50;True;False;False;False;1;9.645923528281855;0;9.645923528281855;9.645923528281855
836;45.50;13.50;True;False;False;False;1018;51.50;17.50;True;False;False;False;1;13.817602189466925;0;13.817602189466925;13.817602189466925
837;46.50;13.50;True;False;False;False;12;61.50;3.50;False;False;True;False;1;95.59869491658719;0;95.59869491658719;95.59869491658719
837;46.50;13.50;True;False;False;False;28;61.50;9.50;False;False;True;False;5;79.66960917445067;121.5959739839513;61.016320575337886;90.10594430358105
837;46.50;13.50;True;False;False;False;44;61.50;15.50;False;False;True;False;6;96.38329887796687;718.2528259775539;72.25898667848867;132.20083373503803
837;46.50;13.50;True;False;False;False;60;61.50;21.50;False;False;True;False;2;106.30582933513892;2046.8744336363723;74.31462403089654;138.2970346393813
837;46.50;13.50;True;False;False;False;76;0.50;6.50;False;True;False;False;1;538.7595893706275;0;538.7595893706275;538.7595893706275
837;46.50;13.50;True;False;False;False;108;0.50;18.50;False;True;False;False;1;586.3951185839087;0;586.3951185839087;586.3951185839087
837;46.50;13.50;True;False;False;False;124;0.50;24.50;False;True;False;False;1;551.7278113510401;0;551.7278113510401;551.7278113510401
837;46.50;13.50;True;False;False;False;569;42.50;7.50;True;False;False;False;1;14.706941651435272;0;14.706941651435272;14.706941651435272
837;46.50;13.50;True;False;False;False;706;47.50;10.50;True;False;False;False;1;9.955270986585674;0;9.955270986585674;9.955270986585674
837;46.50;13.50;True;False;False;False;709;50.50;10.50;True;False;False;False;1;11.955375165649457;0;11.955375165649457;11.955375165649457
837;46.50;13.50;True;False;False;False;732;29.50;11.50;True;False;False;False;1;19.995280570787145;0;19.995280570787145;19.995280570787145
837;46.50;13.50;True;False;False;False;733;30.50;11.50;True;False;False;False;1;29.185644545341347;0;29.185644545341347;29.185644545341347
837;46.50;13.50;True;False;False;False;820;29.50;13.50;True;False;False;False;2;23.97185624858139;9.996238128144315;21.736208900703787;26.20750359645899
837;46.50;13.50;True;False;False;False;822;31.50;13.50;True;False;False;False;2;13.981492798473482;0.2743438761118322;13.611125496925524;14.35186010002144
837;46.50;13.50;True;False;False;False;823;32.50;13.50;True;False;False;False;1;12.988614707574015;0;12.988614707574015;12.988614707574015
837;46.50;13.50;True;False;False;False;840;49.50;13.50;True;False;False;False;1;5.846666666666806;0;5.846666666666806;5.846666666666806
837;46.50;13.50;True;False;False;False;867;32.50;14.50;True;False;False;False;1;16.008869720484654;0;16.008869720484654;16.008869720484654
837;46.50;13.50;True;False;False;False;884;49.50;14.50;True;False;False;False;1;12.92009379141291;0;12.92009379141291;12.92009379141291
837;46.50;13.50;True;False;False;False;932;9.50;16.50;True;False;False;False;1;33.22565334515093;0;33.22565334515093;33.22565334515093
837;46.50;13.50;True;False;False;False;970;47.50;16.50;True;False;False;False;1;8.619350653032598;0;8.619350653032598;8.619350653032598
837;46.50;13.50;True;False;False;False;1013;46.50;17.50;True;False;False;False;1;6.049225434073378;0;6.049225434073378;6.049225434073378
838;47.50;13.50;True;False;False;False;12;61.50;3.50;False;False;True;False;5;89.49722206914302;230.38214142382913;70.16406210487185;111.67685505292502
838;47.50;13.50;True;False;False;False;28;61.50;9.50;False;False;True;False;5;93.43467557245484;125.24004433182083;79.94162540931939;105.93457606302763
838;47.50;13.50;True;False;False;False;44;61.50;15.50;False;False;True;False;8;98.65935851225058;597.0098722483083;60.104562508418894;125.83230401912806
838;47.50;13.50;True;False;False;False;60;61.50;21.50;False;False;True;False;3;80.08009672468506;418.7114131498173;59.32213003771085;100.2336147075639
838;47.50;13.50;True;False;False;False;76;0.50;6.50;False;True;False;False;3;585.75387784871;614.6779782392344;563.9048379079304;612.698465499634
838;47.50;13.50;True;False;False;False;439;44.50;4.50;True;False;False;False;1;14.546572875253787;0;14.546572875253787;14.546572875253787
838;47.50;13.50;True;False;False;False;705;46.50;10.50;True;False;False;False;1;8.542316013634263;0;8.542316013634263;8.542316013634263
838;47.50;13.50;True;False;False;False;732;29.50;11.50;True;False;False;False;1;31.46638929060282;0;31.46638929060282;31.46638929060282
838;47.50;13.50;True;False;False;False;733;30.50;11.50;True;False;False;False;1;28.349913401494632;0;28.349913401494632;28.349913401494632
838;47.50;13.50;True;False;False;False;752;49.50;11.50;True;False;False;False;1;8.885648543518982;0;8.885648543518982;8.885648543518982
838;47.50;13.50;True;False;False;False;755;52.50;11.50;True;False;False;False;1;10.982965360597518;0;10.982965360597518;10.982965360597518
838;47.50;13.50;True;False;False;False;802;11.50;13.50;True;False;False;False;1;41.071572875258425;0;41.071572875258425;41.071572875258425
838;47.50;13.50;True;False;False;False;807;16.50;13.50;True;False;False;False;1;34.21898987322129;0;34.21898987322129;34.21898987322129
838;47.50;13.50;True;False;False;False;820;29.50;13.50;True;False;False;False;4;27.98652338263537;25.722049737134274;23.432959774578194;34.90211243808699
838;47.50;13.50;True;False;False;False;821;30.50;13.50;True;False;False;False;2;22.777919660560656;0.008015507096315136;22.714612839852634;22.841226481268677
838;47.50;13.50;True;False;False;False;822;31.50;13.50;True;False;False;False;2;18.991388888884103;53.58044320144892;13.815461764133943;24.167316013634263
838;47.50;13.50;True;False;False;False;823;32.50;13.50;True;False;False;False;3;14.454826547914612;5.133911172478589;12.903274741220685;17.054999999998472
838;47.50;13.50;True;False;False;False;842;51.50;13.50;True;False;False;False;1;6.418727147527534;0;6.418727147527534;6.418727147527534
838;47.50;13.50;True;False;False;False;864;29.50;14.50;True;False;False;False;2;40.178152943427904;519.4283077487713;24.062503596461283;56.293802290394524
838;47.50;13.50;True;False;False;False;865;30.50;14.50;True;False;False;False;1;18.2194444444458;0;18.2194444444458;18.2194444444458
838;47.50;13.50;True;False;False;False;1339;20.50;25.50;True;False;False;False;1;33.98704183230984;0;33.98704183230984;33.98704183230984
840;49.50;13.50;True;False;False;False;12;61.50;3.50;False;False;True;False;4;116.2832854333044;217.39613052507752;101.0184383158321;135.9561223021883
840;49.50;13.50;True;False;False;False;28;61.50;9.50;False;False;True;False;9;96.91932267747939;204.66933561770915;75.97609913563429;119.0688616859627
840;49.50;13.50;True;False;False;False;44;61.50;15.50;False;False;True;False;6;87.88815299068187;402.38352030361295;70.8399030138462;122.81115057299394
840;49.50;13.50;True;False;False;False;60;61.50;21.50;False;False;True;False;6;117.32657247905445;345.85118099473374;100.62269437400028;152.3447258186643
840;49.50;13.50;True;False;False;False;76;0.50;6.50;False;True;False;False;1;523.9361865185747;0;523.9361865185747;523.9361865185747
840;49.50;13.50;True;False;False;False;92;0.50;12.50;False;True;False;False;1;257.6710583313343;0;257.6710583313343;257.6710583313343
840;49.50;13.50;True;False;False;False;124;0.50;24.50;False;True;False;False;1;559.1850119945084;0;559.1850119945084;559.1850119945084
840;49.50;13.50;True;False;False;False;308;45.50;1.50;True;False;False;False;1;17.36817852036438;0;17.36817852036438;17.36817852036438
840;49.50;13.50;True;False;False;False;446;51.50;4.50;True;False;False;False;1;17.819744451278893;0;17.819744451278893;17.819744451278893
840;49.50;13.50;True;False;False;False;623;52.50;8.50;True;False;False;False;1;11.880112175442719;0;11.880112175442719;11.880112175442719
840;49.50;13.50;True;False;False;False;711;52.50;10.50;True;False;False;False;1;10.57597868024095;0;10.57597868024095;10.57597868024095
840;49.50;13.50;True;False;False;False;722;19.50;11.50;True;False;False;False;1;48.602480165292945;0;48.602480165292945;48.602480165292945
840;49.50;13.50;True;False;False;False;734;31.50;11.50;True;False;False;False;1;20.27676365280422;0;20.27676365280422;20.27676365280422
840;49.50;13.50;True;False;False;False;749;46.50;11.50;True;False;False;False;1;10.615743138379912;0;10.615743138379912;10.615743138379912
840;49.50;13.50;True;False;False;False;750;47.50;11.50;True;False;False;False;1;10.8452741813162;0;10.8452741813162;10.8452741813162
840;49.50;13.50;True;False;False;False;808;17.50;13.50;True;False;False;False;1;45.26246920061226;0;45.26246920061226;45.26246920061226
840;49.50;13.50;True;False;False;False;818;27.50;13.50;True;False;False;False;1;37.78981561190966;0;37.78981561190966;37.78981561190966
840;49.50;13.50;True;False;False;False;820;29.50;13.50;True;False;False;False;2;32.524864908436484;34.37505722162013;28.379080469900146;36.67064934697282
840;49.50;13.50;True;False;False;False;821;30.50;13.50;True;False;False;False;3;21.13222461986091;14.579151011536519;17.756854249488242;25.276392485353426
840;49.50;13.50;True;False;False;False;822;31.50;13.50;True;False;False;False;3;16.125491963024007;0.4741864457693781;15.661298693932622;16.916677054316096
840;49.50;13.50;True;False;False;False;823;32.50;13.50;True;False;False;False;1;18.72029842615666;0;18.72029842615666;18.72029842615666
840;49.50;13.50;True;False;False;False;880;45.50;14.50;True;False;False;False;1;10.575645348782018;0;10.575645348782018;10.575645348782018
840;49.50;13.50;True;False;False;False;975;52.50;16.50;True;False;False;False;1;12.236666666671226;0;12.236666666671226;12.236666666671226
840;49.50;13.50;True;False;False;False;1006;39.50;17.50;True;False;False;False;1;17.310387944577087;0;17.310387944577087;17.310387944577087
840;49.50;13.50;True;False;False;False;1067;12.50;19.50;True;False;False;False;1;36.43167385959168;0;36.43167385959168;36.43167385959168
840;49.50;13.50;True;False;False;False;1094;39.50;19.50;True;False;False;False;1;17.93833333333305;0;17.93833333333305;17.93833333333305
840;49.50;13.50;True;False;False;False;1096;41.50;19.50;True;False;False;False;1;16.73018038990449;0;16.73018038990449;16.73018038990449
840;49.50;13.50;True;False;False;False;1339;20.50;25.50;True;False;False;False;1;35.85038233956948;0;35.85038233956948;35.85038233956948
840;49.50;13.50;True;False;False;False;1404;41.50;26.50;True;False;False;False;1;21.45491898752698;0;21.45491898752698;21.45491898752698
840;49.50;13.50;True;False;False;False;1415;52.50;26.50;True;False;False;False;1;17.422274462984205;0;17.422274462984205;17.422274462984205
841;50.50;13.50;True;False;False;False;12;61.50;3.50;False;False;True;False;3;123.42666426902058;424.09766168289747;104.5209877445609;145.37066773099332
841;50.50;13.50;True;False;False;False;28;61.50;9.50;False;False;True;False;6;97.58880259912546;335.6666450226495;71.1375941931392;119.51444044625168
841;50.50;13.50;True;False;False;False;60;61.50;21.50;False;False;True;False;3;69.77846185110123;695.5078971834326;42.57241060849992;95.22973540288285
841;50.50;13.50;True;False;False;False;76;0.50;6.50;False;True;False;False;1;574.047272856169;0;574.047272856169;574.047272856169
841;50.50;13.50;True;False;False;False;313;50.50;1.50;True;False;False;False;1;13.126392485344695;0;13.126392485344695;13.126392485344695
841;50.50;13.50;True;False;False;False;349;42.50;2.50;True;False;False;False;1;20.35731521019261;0;20.35731521019261;20.35731521019261
841;50.50;13.50;True;False;False;False;709;50.50;10.50;True;False;False;False;1;6.310724432205461;0;6.310724432205461;6.310724432205461
841;50.50;13.50;True;False;False;False;821;30.50;13.50;True;False;False;False;2;33.46355861984375;123.8781912302665;25.593419128377718;41.333698111309786
841;50.50;13.50;True;False;False;False;822;31.50;13.50;True;False;False;False;1;16.310840124529932;0;16.310840124529932;16.310840124529932
841;50.50;13.50;True;False;False;False;823;32.50;13.50;True;False;False;False;4;19.062201371280025;38.347343518373556;15.631204902524587;28.339264054538944
841;50.50;13.50;True;False;False;False;866;31.50;14.50;True;False;False;False;1;19.134718625766254;0;19.134718625766254;19.134718625766254
841;50.50;13.50;True;False;False;False;1017;50.50;17.50;True;False;False;False;1;5.84000319473671;0;5.84000319473671;5.84000319473671
841;50.50;13.50;True;False;False;False;1102;47.50;19.50;True;False;False;False;1;13.335556358993927;0;13.335556358993927;13.335556358993927
842;51.50;13.50;True;False;False;False;28;61.50;9.50;False;False;True;False;6;80.0129952948536;98.83369135820878;63.60296296932029;92.33231281889857
842;51.50;13.50;True;False;False;False;44;61.50;15.50;False;False;True;False;6;108.77637205500939;341.7415925994828;76.52324673483417;131.18640287297967
842;51.50;13.50;True;False;False;False;60;61.50;21.50;False;False;True;False;1;96.20815081668115;0;96.20815081668115;96.20815081668115
842;51.50;13.50;True;False;False;False;300;37.50;1.50;True;False;False;False;1;27.14509778959473;0;27.14509778959473;27.14509778959473
842;51.50;13.50;True;False;False;False;563;36.50;7.50;True;False;False;False;1;21.68898268031262;0;21.68898268031262;21.68898268031262
842;51.50;13.50;True;False;False;False;733;30.50;11.50;True;False;False;False;1;23.471201707779983;0;23.471201707779983;23.471201707779983
842;51.50;13.50;True;False;False;False;802;11.50;13.50;True;False;False;False;1;30.823427124738373;0;30.823427124738373;30.823427124738373
842;51.50;13.50;True;False;False;False;821;30.50;13.50;True;False;False;False;1;18.446758066789698;0;18.446758066789698;18.446758066789698
842;51.50;13.50;True;False;False;False;823;32.50;13.50;True;False;False;False;2;17.103480027265505;0.005540231121108904;17.050848139967457;17.156111914563553
842;51.50;13.50;True;False;False;False;864;29.50;14.50;True;False;False;False;1;21.704076471711232;0;21.704076471711232;21.704076471711232
842;51.50;13.50;True;False;False;False;973;50.50;16.50;True;False;False;False;1;15.69166666666797;0;15.69166666666797;15.69166666666797
842;51.50;13.50;True;False;False;False;1102;47.50;19.50;True;False;False;False;1;13.62888888888483;0;13.62888888888483;13.62888888888483
842;51.50;13.50;True;False;False;False;1212;25.50;22.50;True;False;False;False;1;37.38296855533781;0;37.38296855533781;37.38296855533781
842;51.50;13.50;True;False;False;False;1239;52.50;22.50;True;False;False;False;1;13.092784970704088;0;13.092784970704088;13.092784970704088
843;52.50;13.50;True;False;False;False;12;61.50;3.50;False;False;True;False;3;120.20957615693503;264.0701075656791;101.50259658439245;130.8306597346218
843;52.50;13.50;True;False;False;False;28;61.50;9.50;False;False;True;False;10;97.93155932036677;475.8735274182844;76.9970226639125;150.07402478883887
843;52.50;13.50;True;False;False;False;44;61.50;15.50;False;False;True;False;9;80.89121479239161;727.6772979386126;39.557312818902574;130.22259738787466
843;52.50;13.50;True;False;False;False;60;61.50;21.50;False;False;True;False;5;83.39098140240962;788.3401925382269;48.59582973687429;114.15834052626269
843;52.50;13.50;True;False;False;False;76;0.50;6.50;False;True;False;False;1;576.1753775569396;0;576.1753775569396;576.1753775569396
843;52.50;13.50;True;False;False;False;489;50.50;5.50;True;False;False;False;1;13.723149748693686;0;13.723149748693686;13.723149748693686
843;52.50;13.50;True;False;False;False;574;47.50;7.50;True;False;False;False;1;14.99352091615765;0;14.99352091615765;14.99352091615765
843;52.50;13.50;True;False;False;False;577;50.50;7.50;True;False;False;False;1;12.360771106629727;0;12.360771106629727;12.360771106629727
843;52.50;13.50;True;False;False;False;617;46.50;8.50;True;False;False;False;1;14.34028537242375;0;14.34028537242375;14.34028537242375
843;52.50;13.50;True;False;False;False;732;29.50;11.50;True;False;False;False;1;30.33407647171407;0;30.33407647171407;30.33407647171407
843;52.50;13.50;True;False;False;False;733;30.50;11.50;True;False;False;False;1;22.3974066103126;0;22.3974066103126;22.3974066103126
843;52.50;13.50;True;False;False;False;820;29.50;13.50;True;False;False;False;2;34.57352451262068;79.01650770701971;28.287965360603266;40.85908366463809
843;52.50;13.50;True;False;False;False;821;30.50;13.50;True;False;False;False;4;24.58506288839817;19.78702220510934;18.394962182983363;28.94324273665734
843;52.50;13.50;True;False;False;False;822;31.50;13.50;True;False;False;False;2;29.796482680300414;43.48992366422433;25.13333333333412;34.45963202726671
843;52.50;13.50;True;False;False;False;823;32.50;13.50;True;False;False;False;1;20.088888888887595;0;20.088888888887595;20.088888888887595
843;52.50;13.50;True;False;False;False;841;50.50;13.50;True;False;False;False;1;4.120743138380931;0;4.120743138380931;4.120743138380931
843;52.50;13.50;True;False;False;False;865;30.50;14.50;True;False;False;False;1;23.536208097259987;0;23.536208097259987;23.536208097259987
843;52.50;13.50;True;False;False;False;866;31.50;14.50;True;False;False;False;1;21.75139967827272;0;21.75139967827272;21.75139967827272
843;52.50;13.50;True;False;False;False;867;32.50;14.50;True;False;False;False;2;20.890318014473223;0.0001628405615268526;20.881294695750967;20.89934133319548
843;52.50;13.50;True;False;False;False;955;32.50;16.50;True;False;False;False;1;26.42344629314539;0;26.42344629314539;26.42344629314539
843;52.50;13.50;True;False;False;False;1017;50.50;17.50;True;False;False;False;1;10.604260859803617;0;10.604260859803617;10.604260859803617
843;52.50;13.50;True;False;False;False;1019;52.50;17.50;True;False;False;False;1;7.19397948556616;0;7.19397948556616;7.19397948556616
843;52.50;13.50;True;False;False;False;1107;52.50;19.50;True;False;False;False;2;8.347409805045118;0.00541670462147875;8.295367972729764;8.399451637360471
843;52.50;13.50;True;False;False;False;1151;52.50;20.50;True;False;False;False;1;8.294919790982021;0;8.294919790982021;8.294919790982021
843;52.50;13.50;True;False;False;False;1226;39.50;22.50;True;False;False;False;1;21.95305195909532;0;21.95305195909532;21.95305195909532
843;52.50;13.50;True;False;False;False;1384;21.50;26.50;True;False;False;False;1;37.018243540105686;0;37.018243540105686;37.018243540105686
844;9.50;14.50;True;False;False;False;28;61.50;9.50;False;False;True;False;1;82.04899708517769;0;82.04899708517769;82.04899708517769
844;9.50;14.50;True;False;False;False;92;0.50;12.50;False;True;False;False;1;22.19546495887809;0;22.19546495887809;22.19546495887809
844;9.50;14.50;True;False;False;False;740;37.50;11.50;True;False;False;False;1;27.77150385731875;0;27.77150385731875;27.77150385731875
844;9.50;14.50;True;False;False;False;851;16.50;14.50;True;False;False;False;1;7.707132428995351;0;7.707132428995351;7.707132428995351
845;10.50;14.50;True;False;False;False;12;61.50;3.50;False;False;True;False;1;174.176761261534;0;174.176761261534;174.176761261534
845;10.50;14.50;True;False;False;False;615;44.50;8.50;True;False;False;False;1;33.61165201647509;0;33.61165201647509;33.61165201647509
845;10.50;14.50;True;False;False;False;833;42.50;13.50;True;False;False;False;1;32.243892083622995;0;32.243892083622995;32.243892083622995
846;11.50;14.50;True;False;False;False;831;40.50;13.50;True;False;False;False;1;26.95295816768339;0;26.95295816768339;26.95295816768339
849;14.50;14.50;True;False;False;False;28;61.50;9.50;False;False;True;False;1;163.5487053042416;0;163.5487053042416;163.5487053042416
849;14.50;14.50;True;False;False;False;1145;46.50;20.50;True;False;False;False;1;32.10602051442402;0;32.10602051442402;32.10602051442402
851;16.50;14.50;True;False;False;False;44;61.50;15.50;False;False;True;False;1;55.3887918782184;0;55.3887918782184;55.3887918782184
851;16.50;14.50;True;False;False;False;92;0.50;12.50;False;True;False;False;1;280.8850111911099;0;280.8850111911099;280.8850111911099
851;16.50;14.50;True;False;False;False;1135;36.50;20.50;True;False;False;False;1;25.433997066134907;0;25.433997066134907;25.433997066134907
852;17.50;14.50;True;False;False;False;12;61.50;3.50;False;False;True;False;1;191.253625898692;0;191.253625898692;191.253625898692
852;17.50;14.50;True;False;False;False;566;39.50;7.50;True;False;False;False;1;26.17720358961924;0;26.17720358961924;26.17720358961924
854;19.50;14.50;True;False;False;False;44;61.50;15.50;False;False;True;False;2;89.31188956189635;2141.90456371945;56.58648227856793;122.03729684522477
854;19.50;14.50;True;False;False;False;92;0.50;12.50;False;True;False;False;1;262.4504313664811;0;262.4504313664811;262.4504313664811
854;19.50;14.50;True;False;False;False;334;27.50;2.50;True;False;False;False;1;28.688485736085568;0;28.688485736085568;28.688485736085568
854;19.50;14.50;True;False;False;False;828;37.50;13.50;True;False;False;False;1;18.438795097470575;0;18.438795097470575;18.438795097470575
854;19.50;14.50;True;False;False;False;1404;41.50;26.50;True;False;False;False;1;29.919444444444707;0;29.919444444444707;29.919444444444707
855;20.50;14.50;True;False;False;False;28;61.50;9.50;False;False;True;False;1;97.00074713655704;0;97.00074713655704;97.00074713655704
856;21.50;14.50;True;False;False;False;44;61.50;15.50;False;False;True;False;1;98.48220544509059;0;98.48220544509059;98.48220544509059
857;22.50;14.50;True;False;False;False;12;61.50;3.50;False;False;True;False;1;160.60767520559602;0;160.60767520559602;160.60767520559602
860;25.50;14.50;True;False;False;False;44;61.50;15.50;False;False;True;False;1;106.68918839176331;0;106.68918839176331;106.68918839176331
860;25.50;14.50;True;False;False;False;1014;47.50;17.50;True;False;False;False;1;24.033509725155454;0;24.033509725155454;24.033509725155454
861;26.50;14.50;True;False;False;False;844;9.50;14.50;True;False;False;False;1;15.857962165868098;0;15.857962165868098;15.857962165868098
861;26.50;14.50;True;False;False;False;998;31.50;17.50;True;False;False;False;1;13.63296616405404;0;13.63296616405404;13.63296616405404
861;26.50;14.50;True;False;False;False;1004;37.50;17.50;True;False;False;False;1;34.00796216586809;0;34.00796216586809;34.00796216586809
861;26.50;14.50;True;False;False;False;1123;24.50;20.50;True;False;False;False;1;11.955555555556202;0;11.955555555556202;11.955555555556202
862;27.50;14.50;True;False;False;False;12;61.50;3.50;False;False;True;False;1;140.17352730561834;0;140.17352730561834;140.17352730561834
862;27.50;14.50;True;False;False;False;28;61.50;9.50;False;False;True;False;3;118.90453530893319;1636.2352739207865;91.02546176413307;165.2987053042416
862;27.50;14.50;True;False;False;False;821;30.50;13.50;True;False;False;False;1;9.944254470290616;0;9.944254470290616;9.944254470290616
862;27.50;14.50;True;False;False;False;822;31.50;13.50;True;False;False;False;1;15.96064934696551;0;15.96064934696551;15.96064934696551
862;27.50;14.50;True;False;False;False;823;32.50;13.50;True;False;False;False;1;10.892319208371191;0;10.892319208371191;10.892319208371191
862;27.50;14.50;True;False;False;False;989;22.50;17.50;True;False;False;False;1;13.25037516564771;0;13.25037516564771;13.25037516564771
862;27.50;14.50;True;False;False;False;1004;37.50;17.50;True;False;False;False;1;16.653236347185157;0;16.653236347185157;16.653236347185157
862;27.50;14.50;True;False;False;False;1400;37.50;26.50;True;False;False;False;1;22.70786837445121;0;22.70786837445121;22.70786837445121
864;29.50;14.50;True;False;False;False;60;61.50;21.50;False;False;True;False;1;153.27815294342986;0;153.27815294342986;153.27815294342986
864;29.50;14.50;True;False;False;False;322;15.50;2.50;True;False;False;False;1;24.08230162779728;0;24.08230162779728;24.08230162779728
864;29.50;14.50;True;False;False;False;351;44.50;2.50;True;False;False;False;1;24.854538235853397;0;24.854538235853397;24.854538235853397
864;29.50;14.50;True;False;False;False;429;34.50;4.50;True;False;False;False;1;17.985278179505258;0;17.985278179505258;17.985278179505258
864;29.50;14.50;True;False;False;False;471;32.50;5.50;True;False;False;False;1;15.443908860746888;0;15.443908860746888;15.443908860746888
864;29.50;14.50;True;False;False;False;475;36.50;5.50;True;False;False;False;1;18.548907849744865;0;18.548907849744865;18.548907849744865
864;29.50;14.50;True;False;False;False;478;39.50;5.50;True;False;False;False;2;23.02856061894272;0.26261375613060517;22.666197709602784;23.390923528282656
864;29.50;14.50;True;False;False;False;484;45.50;5.50;True;False;False;False;1;23.352683986366173;0;23.352683986366173;23.352683986366173
864;29.50;14.50;True;False;False;False;557;30.50;7.50;True;False;False;False;1;13.372309624157424;0;13.372309624157424;13.372309624157424
864;29.50;14.50;True;False;False;False;559;32.50;7.50;True;False;False;False;1;14.01805595728365;0;14.01805595728365;14.01805595728365
864;29.50;14.50;True;False;False;False;562;35.50;7.50;True;False;False;False;1;16.82833333333383;0;16.82833333333383;16.82833333333383
864;29.50;14.50;True;False;False;False;564;37.50;7.50;True;False;False;False;2;18.71689260538278;2.677295585326222;17.559893127136093;19.87389208362947
864;29.50;14.50;True;False;False;False;566;39.50;7.50;True;False;False;False;1;19.286750070423295;0;19.286750070423295;19.286750070423295
864;29.50;14.50;True;False;False;False;568;41.50;7.50;True;False;False;False;1;19.956194514876188;0;19.956194514876188;19.956194514876188
864;29.50;14.50;True;False;False;False;571;44.50;7.50;True;False;False;False;1;21.820651738252764;0;21.820651738252764;21.820651738252764
864;29.50;14.50;True;False;False;False;576;49.50;7.50;True;False;False;False;1;26.941191320140206;0;26.941191320140206;26.941191320140206
864;29.50;14.50;True;False;False;False;693;34.50;10.50;True;False;False;False;1;17.04345774865351;0;17.04345774865351;17.04345774865351
864;29.50;14.50;True;False;False;False;699;40.50;10.50;True;False;False;False;1;17.56055555555031;0;17.56055555555031;17.56055555555031
864;29.50;14.50;True;False;False;False;706;47.50;10.50;True;False;False;False;2;27.349591521030106;0.12145843868097408;27.103158529447228;27.596024512612985
864;29.50;14.50;True;False;False;False;711;52.50;10.50;True;False;False;False;1;29.228427124740847;0;29.228427124740847;29.228427124740847
864;29.50;14.50;True;False;False;False;728;25.50;11.50;True;False;False;False;1;11.140093791414074;0;11.140093791414074;11.140093791414074
864;29.50;14.50;True;False;False;False;730;27.50;11.50;True;False;False;False;1;11.108597126992436;0;11.108597126992436;11.108597126992436
864;29.50;14.50;True;False;False;False;732;29.50;11.50;True;False;False;False;1;12.949902210400523;0;12.949902210400523;12.949902210400523
864;29.50;14.50;True;False;False;False;740;37.50;11.50;True;False;False;False;1;14.119819610095874;0;14.119819610095874;14.119819610095874
864;29.50;14.50;True;False;False;False;745;42.50;11.50;True;False;False;False;1;21.369906208588873;0;21.369906208588873;21.369906208588873
864;29.50;14.50;True;False;False;False;749;46.50;11.50;True;False;False;False;1;21.331298693932695;0;21.331298693932695;21.331298693932695
864;29.50;14.50;True;False;False;False;752;49.50;11.50;True;False;False;False;2;22.756630158615735;0.0011725542973356974;22.73241699796563;22.78084331926584
864;29.50;14.50;True;False;False;False;755;52.50;11.50;True;False;False;False;1;24.297470826619247;0;24.297470826619247;24.297470826619247
864;29.50;14.50;True;False;False;False;811;20.50;13.50;True;False;False;False;1;12.709632027268526;0;12.709632027268526;12.709632027268526
864;29.50;14.50;True;False;False;False;813;22.50;13.50;True;False;False;False;1;11.084632027271255;0;11.084632027271255;11.084632027271255
864;29.50;14.50;True;False;False;False;816;25.50;13.50;True;False;False;False;1;10.131760458078134;0;10.131760458078134;10.131760458078134
864;29.50;14.50;True;False;False;False;820;29.50;13.50;True;False;False;False;1;5.095093791412637;0;5.095093791412637;5.095093791412637
864;29.50;14.50;True;False;False;False;828;37.50;13.50;True;False;False;False;1;21.725937110659288;0;21.725937110659288;21.725937110659288
864;29.50;14.50;True;False;False;False;830;39.50;13.50;True;False;False;False;2;22.57666666666819;10.885454747537404;20.243701306066214;24.909632027270163
864;29.50;14.50;True;False;False;False;833;42.50;13.50;True;False;False;False;1;16.466666666665333;0;16.466666666665333;16.466666666665333
864;29.50;14.50;True;False;False;False;836;45.50;13.50;True;False;False;False;1;28.997962165869012;0;28.997962165869012;28.997962165869012
864;29.50;14.50;True;False;False;False;837;46.50;13.50;True;False;False;False;1;28.955415147402164;0;28.955415147402164;28.955415147402164
864;29.50;14.50;True;False;False;False;838;47.50;13.50;True;False;False;False;1;24.9679653605981;0;24.9679653605981;24.9679653605981
864;29.50;14.50;True;False;False;False;840;49.50;13.50;True;False;False;False;2;25.544025979548678;44.321995550549936;20.836479083842278;30.25157287525508
864;29.50;14.50;True;False;False;False;841;50.50;13.50;True;False;False;False;1;31.26534559053016;0;31.26534559053016;31.26534559053016
864;29.50;14.50;True;False;False;False;842;51.50;13.50;True;False;False;False;1;40.26315213997668;0;40.26315213997668;40.26315213997668
864;29.50;14.50;True;False;False;False;843;52.50;13.50;True;False;False;False;2;22.590690647119573;0.01079521891472414;22.51722222221906;22.664159072020084
864;29.50;14.50;True;False;False;False;856;21.50;14.50;True;False;False;False;1;8.583808679863068;0;8.583808679863068;8.583808679863068
864;29.50;14.50;True;False;False;False;862;27.50;14.50;True;False;False;False;1;4.5753679727301915;0;4.5753679727301915;4.5753679727301915
864;29.50;14.50;True;False;False;False;865;30.50;14.50;True;False;False;False;1;4.241868635328501;0;4.241868635328501;4.241868635328501
864;29.50;14.50;True;False;False;False;867;32.50;14.50;True;False;False;False;1;5.746298693935387;0;5.746298693935387;5.746298693935387
864;29.50;14.50;True;False;False;False;870;35.50;14.50;True;False;False;False;1;25.757771388311085;0;25.757771388311085;25.757771388311085
864;29.50;14.50;True;False;False;False;874;39.50;14.50;True;False;False;False;1;27.440383965461933;0;27.440383965461933;27.440383965461933
864;29.50;14.50;True;False;False;False;875;40.50;14.50;True;False;False;False;1;36.72870130606134;0;36.72870130606134;36.72870130606134
864;29.50;14.50;True;False;False;False;876;41.50;14.50;True;False;False;False;1;12.58333411771946;0;12.58333411771946;12.58333411771946
864;29.50;14.50;True;False;False;False;877;42.50;14.50;True;False;False;False;1;31.510762344931663;0;31.510762344931663;31.510762344931663
864;29.50;14.50;True;False;False;False;882;47.50;14.50;True;False;False;False;1;15.710465762329477;0;15.710465762329477;15.710465762329477
864;29.50;14.50;True;False;False;False;884;49.50;14.50;True;False;False;False;1;17.532497206992957;0;17.532497206992957;17.532497206992957
864;29.50;14.50;True;False;False;False;887;52.50;14.50;True;False;False;False;1;27.74509778959964;0;27.74509778959964;27.74509778959964
864;29.50;14.50;True;False;False;False;960;37.50;16.50;True;False;False;False;1;14.54241060849563;0;14.54241060849563;14.54241060849563
864;29.50;14.50;True;False;False;False;965;42.50;16.50;True;False;False;False;1;17.70295816768339;0;17.70295816768339;17.70295816768339
864;29.50;14.50;True;False;False;False;975;52.50;16.50;True;False;False;False;2;27.16988101430502;12.746267673067212;24.6453743621978;29.69438766641224
864;29.50;14.50;True;False;False;False;1001;34.50;17.50;True;False;False;False;2;13.13606301976074;0.25014457530734385;12.78240741376294;13.489718625758542
864;29.50;14.50;True;False;False;False;1004;37.50;17.50;True;False;False;False;1;14.46768718110252;0;14.46768718110252;14.46768718110252
864;29.50;14.50;True;False;False;False;1006;39.50;17.50;True;False;False;False;1;15.283888888881847;0;15.283888888881847;15.283888888881847
864;29.50;14.50;True;False;False;False;1011;44.50;17.50;True;False;False;False;1;19.249725818683373;0;19.249725818683373;19.249725818683373
864;29.50;14.50;True;False;False;False;1014;47.50;17.50;True;False;False;False;1;21.776854249495045;0;21.776854249495045;21.776854249495045
864;29.50;14.50;True;False;False;False;1017;50.50;17.50;True;False;False;False;1;23.504632027269054;0;23.504632027269054;23.504632027269054
864;29.50;14.50;True;False;False;False;1018;51.50;17.50;True;False;False;False;2;25.023934187225677;0.6421123092861611;24.457316013635136;25.59055236081622
864;29.50;14.50;True;False;False;False;1074;19.50;19.50;True;False;False;False;1;16.932688788000632;0;16.932688788000632;16.932688788000632
864;29.50;14.50;True;False;False;False;1094;39.50;19.50;True;False;False;False;1;17.463252662078958;0;17.463252662078958;17.463252662078958
864;29.50;14.50;True;False;False;False;1097;42.50;19.50;True;False;False;False;1;19.294159072012917;0;19.294159072012917;19.294159072012917
864;29.50;14.50;True;False;False;False;1099;44.50;19.50;True;False;False;False;2;20.85343591503215;0.0006191671386725893;20.835840927980826;20.871030902083476
864;29.50;14.50;True;False;False;False;1101;46.50;19.50;True;False;False;False;1;22.326867831881373;0;22.326867831881373;22.326867831881373
864;29.50;14.50;True;False;False;False;1105;50.50;19.50;True;False;False;False;1;24.546281113364785;0;24.546281113364785;24.546281113364785
864;29.50;14.50;True;False;False;False;1128;29.50;20.50;True;False;False;False;1;8.340754329425181;0;8.340754329425181;8.340754329425181
864;29.50;14.50;True;False;False;False;1130;31.50;20.50;True;False;False;False;1;12.13453823585678;0;12.13453823585678;12.13453823585678
864;29.50;14.50;True;False;False;False;1140;41.50;20.50;True;False;False;False;1;20.13333333333412;0;20.13333333333412;20.13333333333412
864;29.50;14.50;True;False;False;False;1148;49.50;20.50;True;False;False;False;1;24.80934984958003;0;24.80934984958003;24.80934984958003
864;29.50;14.50;True;False;False;False;1216;29.50;22.50;True;False;False;False;1;9.2452781794982;0;9.2452781794982;9.2452781794982
864;29.50;14.50;True;False;False;False;1224;37.50;22.50;True;False;False;False;1;18.817885151580413;0;18.817885151580413;18.817885151580413
864;29.50;14.50;True;False;False;False;1239;52.50;22.50;True;False;False;False;2;28.912963361509355;0.08231471742496092;28.71009059667267;29.11583612634604
864;29.50;14.50;True;False;False;False;1268;37.50;23.50;True;False;False;False;1;18.870927526472087;0;18.870927526472087;18.870927526472087
864;29.50;14.50;True;False;False;False;1276;45.50;23.50;True;False;False;False;1;26.402412999792432;0;26.402412999792432;26.402412999792432
864;29.50;14.50;True;False;False;False;1277;46.50;23.50;True;False;False;False;2;26.252687582822546;2.425701783443073;25.15139248534797;27.353982680297122
864;29.50;14.50;True;False;False;False;1281;50.50;23.50;True;False;False;False;1;26.6550039981812;0;26.6550039981812;26.6550039981812
864;29.50;14.50;True;False;False;False;1359;40.50;25.50;True;False;False;False;1;25.011204902526515;0;25.011204902526515;25.011204902526515
865;30.50;14.50;True;False;False;False;12;61.50;3.50;False;False;True;False;1;101.97887369955242;0;101.97887369955242;101.97887369955242
865;30.50;14.50;True;False;False;False;60;61.50;21.50;False;False;True;False;1;101.84397229265596;0;101.84397229265596;101.84397229265596
865;30.50;14.50;True;False;False;False;312;49.50;1.50;True;False;False;False;1;29.190308038085277;0;29.190308038085277;29.190308038085277
865;30.50;14.50;True;False;False;False;341;34.50;2.50;True;False;False;False;1;18.301281113366713;0;18.301281113366713;18.301281113366713
865;30.50;14.50;True;False;False;False;474;35.50;5.50;True;False;False;False;1;17.482600582612577;0;17.482600582612577;17.482600582612577
865;30.50;14.50;True;False;False;False;561;34.50;7.50;True;False;False;False;1;15.565662929335303;0;15.565662929335303;15.565662929335303
865;30.50;14.50;True;False;False;False;572;45.50;7.50;True;False;False;False;1;21.728613904115264;0;21.728613904115264;21.728613904115264
865;30.50;14.50;True;False;False;False;577;50.50;7.50;True;False;False;False;2;28.253704902524987;0.7628441823818383;27.63611111111277;28.871298693937206
865;30.50;14.50;True;False;False;False;608;37.50;8.50;True;False;False;False;1;16.788698111326994;0;16.788698111326994;16.788698111326994
865;30.50;14.50;True;False;False;False;618;47.50;8.50;True;False;False;False;2;24.886833322927032;5.898355008477098;23.16951637366037;26.604150272193692
865;30.50;14.50;True;False;False;False;690;31.50;10.50;True;False;False;False;1;10.595743138381295;0;10.595743138381295;10.595743138381295
865;30.50;14.50;True;False;False;False;720;17.50;11.50;True;False;False;False;1;17.30388888888774;0;17.30388888888774;17.30388888888774
865;30.50;14.50;True;False;False;False;724;21.50;11.50;True;False;False;False;1;14.973520916160851;0;14.973520916160851;14.973520916160851
865;30.50;14.50;True;False;False;False;730;27.50;11.50;True;False;False;False;1;11.839538235857617;0;11.839538235857617;11.839538235857617
865;30.50;14.50;True;False;False;False;843;52.50;13.50;True;False;False;False;2;28.44882560823362;62.166844381510664;22.87357474475175;34.02407647171549
865;30.50;14.50;True;False;False;False;845;10.50;14.50;True;False;False;False;1;21.519350653033143;0;21.519350653033143;21.519350653033143
865;30.50;14.50;True;False;False;False;875;40.50;14.50;True;False;False;False;1;11.182598975703513;0;11.182598975703513;11.182598975703513
865;30.50;14.50;True;False;False;False;882;47.50;14.50;True;False;False;False;1;15.158795097477196;0;15.158795097477196;15.158795097477196
865;30.50;14.50;True;False;False;False;940;17.50;16.50;True;False;False;False;1;16.419350653022775;0;16.419350653022775;16.419350653022775
865;30.50;14.50;True;False;False;False;964;41.50;16.50;True;False;False;False;1;19.716691440176874;0;19.716691440176874;19.716691440176874
865;30.50;14.50;True;False;False;False;970;47.50;16.50;True;False;False;False;1;19.555555555556566;0;19.555555555556566;19.555555555556566
865;30.50;14.50;True;False;False;False;1006;39.50;17.50;True;False;False;False;1;14.761284308098766;0;14.761284308098766;14.761284308098766
865;30.50;14.50;True;False;False;False;1009;42.50;17.50;True;False;False;False;1;17.369440446256704;0;17.369440446256704;17.369440446256704
865;30.50;14.50;True;False;False;False;1011;44.50;17.50;True;False;False;False;1;19.375555555555366;0;19.375555555555366;19.375555555555366
865;30.50;14.50;True;False;False;False;1013;46.50;17.50;True;False;False;False;1;20.34096907712228;0;20.34096907712228;20.34096907712228
865;30.50;14.50;True;False;False;False;1018;51.50;17.50;True;False;False;False;1;22.769261663254838;0;22.769261663254838;22.769261663254838
865;30.50;14.50;True;False;False;False;1099;44.50;19.50;True;False;False;False;1;19.729906208590364;0;19.729906208590364;19.729906208590364
865;30.50;14.50;True;False;False;False;1138;39.50;20.50;True;False;False;False;1;17.03592352828764;0;17.03592352828764;17.03592352828764
865;30.50;14.50;True;False;False;False;1148;49.50;20.50;True;False;False;False;1;24.30694084798688;0;24.30694084798688;24.30694084798688
865;30.50;14.50;True;False;False;False;1151;52.50;20.50;True;False;False;False;1;26.981083142884927;0;26.981083142884927;26.981083142884927
865;30.50;14.50;True;False;False;False;1255;24.50;23.50;True;False;False;False;1;17.21176045807988;0;17.21176045807988;17.21176045807988
865;30.50;14.50;True;False;False;False;1275;44.50;23.50;True;False;False;False;1;22.519170263129126;0;22.519170263129126;22.519170263129126
865;30.50;14.50;True;False;False;False;1283;52.50;23.50;True;False;False;False;2;30.679772714391675;5.98160966330256;28.95037836039046;32.40916706839289
865;30.50;14.50;True;False;False;False;1371;52.50;25.50;True;False;False;False;1;29.27899626269209;0;29.27899626269209;29.27899626269209
866;31.50;14.50;True;False;False;False;12;61.50;3.50;False;False;True;False;2;122.94965333658638;51.363371261323486;117.88194323924836;128.0173634339244
866;31.50;14.50;True;False;False;False;44;61.50;15.50;False;False;True;False;2;132.07444684524398;1930.9770492963776;101.00213562370482;163.14675806678315
866;31.50;14.50;True;False;False;False;124;0.50;24.50;False;True;False;False;1;603.7356621258696;0;603.7356621258696;603.7356621258696
866;31.50;14.50;True;False;False;False;295;32.50;1.50;True;False;False;False;1;16.033438315851527;0;16.033438315851527;16.033438315851527
866;31.50;14.50;True;False;False;False;334;27.50;2.50;True;False;False;False;1;17.822222222210257;0;17.822222222210257;17.822222222210257
866;31.50;14.50;True;False;False;False;425;30.50;4.50;True;False;False;False;1;20.38388888888585;0;20.38388888888585;20.38388888888585
866;31.50;14.50;True;False;False;False;485;46.50;5.50;True;False;False;False;1;23.434538235853324;0;23.434538235853324;23.434538235853324
866;31.50;14.50;True;False;False;False;563;36.50;7.50;True;False;False;False;2;15.577685985454991;0.08905830580981616;15.366666666659512;15.78870530425047
866;31.50;14.50;True;False;False;False;568;41.50;7.50;True;False;False;False;1;20.94686943869965;0;20.94686943869965;20.94686943869965
866;31.50;14.50;True;False;False;False;739;36.50;11.50;True;False;False;False;1;12.157397810507973;0;12.157397810507973;12.157397810507973
866;31.50;14.50;True;False;False;False;740;37.50;11.50;True;False;False;False;1;13.203889692331359;0;13.203889692331359;13.203889692331359
866;31.50;14.50;True;False;False;False;743;40.50;11.50;True;False;False;False;1;15.53176045807777;0;15.53176045807777;15.53176045807777
866;31.50;14.50;True;False;False;False;807;16.50;13.50;True;False;False;False;1;33.702958167676115;0;33.702958167676115;33.702958167676115
866;31.50;14.50;True;False;False;False;835;44.50;13.50;True;False;False;False;1;16.3181385575881;0;16.3181385575881;16.3181385575881
866;31.50;14.50;True;False;False;False;842;51.50;13.50;True;False;False;False;1;33.90425686161325;0;33.90425686161325;33.90425686161325
866;31.50;14.50;True;False;False;False;881;46.50;14.50;True;False;False;False;1;14.170368776176474;0;14.170368776176474;14.170368776176474
866;31.50;14.50;True;False;False;False;887;52.50;14.50;True;False;False;False;1;17.652962165868303;0;17.652962165868303;17.652962165868303
866;31.50;14.50;True;False;False;False;935;12.50;16.50;True;False;False;False;1;21.952965360589587;0;21.952965360589587;21.952965360589587
866;31.50;14.50;True;False;False;False;953;30.50;16.50;True;False;False;False;1;8.022593389687245;0;8.022593389687245;8.022593389687245
866;31.50;14.50;True;False;False;False;954;31.50;16.50;True;False;False;False;1;5.543611512839561;0;5.543611512839561;5.543611512839561
866;31.50;14.50;True;False;False;False;960;37.50;16.50;True;False;False;False;1;12.972229415137917;0;12.972229415137917;12.972229415137917
866;31.50;14.50;True;False;False;False;975;52.50;16.50;True;False;False;False;1;23.920840927974496;0;23.920840927974496;23.920840927974496
866;31.50;14.50;True;False;False;False;986;19.50;17.50;True;False;False;False;1;18.059855555544345;0;18.059855555544345;18.059855555544345
866;31.50;14.50;True;False;False;False;999;32.50;17.50;True;False;False;False;1;8.99369811132783;0;8.99369811132783;8.99369811132783
866;31.50;14.50;True;False;False;False;1006;39.50;17.50;True;False;False;False;2;14.733890486257224;0.07532452994712752;14.53982280483251;14.927958167681936
866;31.50;14.50;True;False;False;False;1017;50.50;17.50;True;False;False;False;2;22.201686657570463;0.008168689833131198;22.137777777776137;22.26559553736479
866;31.50;14.50;True;False;False;False;1097;42.50;19.50;True;False;False;False;1;17.919069278796087;0;17.919069278796087;17.919069278796087
866;31.50;14.50;True;False;False;False;1102;47.50;19.50;True;False;False;False;2;21.29977071529538;0.00273648214225765;21.2627809725127;21.33676045807806
866;31.50;14.50;True;False;False;False;1105;50.50;19.50;True;False;False;False;1;24.22175326515935;0;24.22175326515935;24.22175326515935
866;31.50;14.50;True;False;False;False;1118;19.50;20.50;True;False;False;False;1;20.238242736655593;0;20.238242736655593;20.238242736655593
866;31.50;14.50;True;False;False;False;1280;49.50;23.50;True;False;False;False;1;25.923427124744194;0;25.923427124744194;25.923427124744194
867;32.50;14.50;True;False;False;False;28;61.50;9.50;False;False;True;False;1;91.56019318791527;0;91.56019318791527;91.56019318791527
867;32.50;14.50;True;False;False;False;44;61.50;15.50;False;False;True;False;1;101.54991979098122;0;101.54991979098122;101.54991979098122
867;32.50;14.50;True;False;False;False;60;61.50;21.50;False;False;True;False;8;113.31494270710846;992.2059166950795;75.57481961008307;153.89011297883917
867;32.50;14.50;True;False;False;False;108;0.50;18.50;False;True;False;False;1;580.6102973669367;0;580.6102973669367;580.6102973669367
867;32.50;14.50;True;False;False;False;359;52.50;2.50;True;False;False;False;1;30.306027707353678;0;30.306027707353678;30.306027707353678
867;32.50;14.50;True;False;False;False;427;32.50;4.50;True;False;False;False;1;10.7679613624191;0;10.7679613624191;10.7679613624191
867;32.50;14.50;True;False;False;False;429;34.50;4.50;True;False;False;False;1;14.763520916158086;0;14.763520916158086;14.763520916158086
867;32.50;14.50;True;False;False;False;464;25.50;5.50;True;False;False;False;1;18.742784951693466;0;18.742784951693466;18.742784951693466
867;32.50;14.50;True;False;False;False;476;37.50;5.50;True;False;False;False;1;17.73888888889269;0;17.73888888889269;17.73888888889269
867;32.50;14.50;True;False;False;False;483;44.50;5.50;True;False;False;False;1;21.824628832534927;0;21.824628832534927;21.824628832534927
867;32.50;14.50;True;False;False;False;490;51.50;5.50;True;False;False;False;1;26.73482521518497;0;26.73482521518497;26.73482521518497
867;32.50;14.50;True;False;False;False;563;36.50;7.50;True;False;False;False;1;14.355555555555611;0;14.355555555555611;14.355555555555611
867;32.50;14.50;True;False;False;False;567;40.50;7.50;True;False;False;False;1;18.358888888884394;0;18.358888888884394;18.358888888884394
867;32.50;14.50;True;False;False;False;572;45.50;7.50;True;False;False;False;2;21.245974020446738;0.8676607398809651;20.587316013632517;21.90463202726096
867;32.50;14.50;True;False;False;False;603;32.50;8.50;True;False;False;False;1;12.595093791409454;0;12.595093791409454;12.595093791409454
867;32.50;14.50;True;False;False;False;696;37.50;10.50;True;False;False;False;2;13.043564215411607;0.08523146631725104;12.837128430823213;13.25
867;32.50;14.50;True;False;False;False;705;46.50;10.50;True;False;False;False;1;22.905739943645585;0;22.905739943645585;22.905739943645585
867;32.50;14.50;True;False;False;False;708;49.50;10.50;True;False;False;False;1;28.872871569190693;0;28.872871569190693;28.872871569190693
867;32.50;14.50;True;False;False;False;723;20.50;11.50;True;False;False;False;1;16.931722630903096;0;16.931722630903096;16.931722630903096
867;32.50;14.50;True;False;False;False;725;22.50;11.50;True;False;False;False;1;15.990090596675145;0;15.990090596675145;15.990090596675145
867;32.50;14.50;True;False;False;False;733;30.50;11.50;True;False;False;False;1;20.770093791416002;0;20.770093791416002;20.770093791416002
867;32.50;14.50;True;False;False;False;743;40.50;11.50;True;False;False;False;1;13.779089250638208;0;13.779089250638208;13.779089250638208
867;32.50;14.50;True;False;False;False;750;47.50;11.50;True;False;False;False;1;20.476298693937224;0;20.476298693937224;20.476298693937224
867;32.50;14.50;True;False;False;False;752;49.50;11.50;True;False;False;False;1;21.668890514856685;0;21.668890514856685;21.668890514856685
867;32.50;14.50;True;False;False;False;820;29.50;13.50;True;False;False;False;1;12.941114305842348;0;12.941114305842348;12.941114305842348
867;32.50;14.50;True;False;False;False;821;30.50;13.50;True;False;False;False;1;8.21176045807806;0;8.21176045807806;8.21176045807806
867;32.50;14.50;True;False;False;False;822;31.50;13.50;True;False;False;False;2;7.356340395812822;0.1945581689596428;7.044444444444707;7.668236347180937
867;32.50;14.50;True;False;False;False;833;42.50;13.50;True;False;False;False;1;14.690188386276986;0;14.690188386276986;14.690188386276986
867;32.50;14.50;True;False;False;False;838;47.50;13.50;True;False;False;False;1;16.866372777845754;0;16.866372777845754;16.866372777845754
867;32.50;14.50;True;False;False;False;840;49.50;13.50;True;False;False;False;1;19.754535041123745;0;19.754535041123745;19.754535041123745
867;32.50;14.50;True;False;False;False;866;31.50;14.50;True;False;False;False;1;2.8045350411284744;0;2.8045350411284744;2.8045350411284744
867;32.50;14.50;True;False;False;False;872;37.50;14.50;True;False;False;False;1;9.84277777777777;0;9.84277777777777;9.84277777777777
867;32.50;14.50;True;False;False;False;998;31.50;17.50;True;False;False;False;1;11.029691480045585;0;11.029691480045585;11.029691480045585
867;32.50;14.50;True;False;False;False;1014;47.50;17.50;True;False;False;False;1;19.99963122381905;0;19.99963122381905;19.99963122381905
867;32.50;14.50;True;False;False;False;1019;52.50;17.50;True;False;False;False;2;23.822919660547086;0.1768508218808957;23.525555555550454;24.120283765543718
867;32.50;14.50;True;False;False;False;1104;49.50;19.50;True;False;False;False;1;22.650582209040294;0;22.650582209040294;22.650582209040294
867;32.50;14.50;True;False;False;False;1107;52.50;19.50;True;False;False;False;2;24.412502802537347;0.155454298120531;24.133706911139598;24.691298693935096
867;32.50;14.50;True;False;False;False;1143;44.50;20.50;True;False;False;False;1;19.73129469575042;0;19.73129469575042;19.73129469575042
867;32.50;14.50;True;False;False;False;1236;49.50;22.50;True;False;False;False;1;24.34175726334297;0;24.34175726334297;24.34175726334297
867;32.50;14.50;True;False;False;False;1263;32.50;23.50;True;False;False;False;1;9.668888888889342;0;9.668888888889342;9.668888888889342
867;32.50;14.50;True;False;False;False;1280;49.50;23.50;True;False;False;False;1;25.147982960245372;0;25.147982960245372;25.147982960245372
867;32.50;14.50;True;False;False;False;1353;34.50;25.50;True;False;False;False;1;16.670649346968503;0;16.670649346968503;16.670649346968503
867;32.50;14.50;True;False;False;False;1371;52.50;25.50;True;False;False;False;1;28.576208097259723;0;28.576208097259723;28.576208097259723
869;34.50;14.50;True;False;False;False;12;61.50;3.50;False;False;True;False;1;124.19889927653276;0;124.19889927653276;124.19889927653276
869;34.50;14.50;True;False;False;False;44;61.50;15.50;False;False;True;False;4;98.43320296776983;218.85843098575646;81.11463202728191;115.53334904262192
869;34.50;14.50;True;False;False;False;60;61.50;21.50;False;False;True;False;1;119.91351772140843;0;119.91351772140843;119.91351772140843
869;34.50;14.50;True;False;False;False;358;51.50;2.50;True;False;False;False;1;26.506572071790288;0;26.506572071790288;26.506572071790288
869;34.50;14.50;True;False;False;False;818;27.50;13.50;True;False;False;False;1;11.074909403330821;0;11.074909403330821;11.074909403330821
869;34.50;14.50;True;False;False;False;823;32.50;13.50;True;False;False;False;1;7.955555555555748;0;7.955555555555748;7.955555555555748
869;34.50;14.50;True;False;False;False;866;31.50;14.50;True;False;False;False;1;5.951948844365688;0;5.951948844365688;5.951948844365688
869;34.50;14.50;True;False;False;False;954;31.50;16.50;True;False;False;False;1;16.211111111111677;0;16.211111111111677;16.211111111111677
869;34.50;14.50;True;False;False;False;1092;37.50;19.50;True;False;False;False;1;12.624444444443725;0;12.624444444443725;12.624444444443725
870;35.50;14.50;True;False;False;False;28;61.50;9.50;False;False;True;False;1;95.05930910241295;0;95.05930910241295;95.05930910241295
870;35.50;14.50;True;False;False;False;44;61.50;15.50;False;False;True;False;2;136.69641766057885;3090.0400081123003;97.38967518481331;176.00316013634438
870;35.50;14.50;True;False;False;False;60;61.50;21.50;False;False;True;False;2;153.81255289297133;372.12704015394405;140.17204263576423;167.45306315017842
870;35.50;14.50;True;False;False;False;108;0.50;18.50;False;True;False;False;1;591.2987109092901;0;591.2987109092901;591.2987109092901
870;35.50;14.50;True;False;False;False;734;31.50;11.50;True;False;False;False;1;12.59296536059992;0;12.59296536059992;12.59296536059992
870;35.50;14.50;True;False;False;False;820;29.50;13.50;True;False;False;False;1;11.620093791412728;0;11.620093791412728;11.620093791412728
870;35.50;14.50;True;False;False;False;822;31.50;13.50;True;False;False;False;2;9.823083131575913;0.028218855589247412;9.704300019162474;9.941866243989352
870;35.50;14.50;True;False;False;False;1016;49.50;17.50;True;False;False;False;1;19.355552360821093;0;19.355552360821093;19.355552360821093
870;35.50;14.50;True;False;False;False;1273;42.50;23.50;True;False;False;False;1;18.76795304389816;0;18.76795304389816;18.76795304389816
871;36.50;14.50;True;False;False;False;28;61.50;9.50;False;False;True;False;1;95.90546895706211;0;95.90546895706211;95.90546895706211
871;36.50;14.50;True;False;False;False;840;49.50;13.50;True;False;False;False;1;23.219729816868494;0;23.219729816868494;23.219729816868494
872;37.50;14.50;True;False;False;False;12;61.50;3.50;False;False;True;False;2;156.52894018450297;1908.7671633483217;125.63584092796737;187.42203944103858
872;37.50;14.50;True;False;False;False;28;61.50;9.50;False;False;True;False;8;105.77367262893846;1280.7652485299702;73.20314255577796;169.09937223175803
872;37.50;14.50;True;False;False;False;60;61.50;21.50;False;False;True;False;1;75.57047295524762;0;75.57047295524762;75.57047295524762
872;37.50;14.50;True;False;False;False;76;0.50;6.50;False;True;False;False;1;556.148736731735;0;556.148736731735;556.148736731735
872;37.50;14.50;True;False;False;False;734;31.50;11.50;True;False;False;False;1;13.179813220620417;0;13.179813220620417;13.179813220620417
872;37.50;14.50;True;False;False;False;739;36.50;11.50;True;False;False;False;1;7.9987013060635945;0;7.9987013060635945;7.9987013060635945
872;37.50;14.50;True;False;False;False;821;30.50;13.50;True;False;False;False;3;13.489154194964158;7.07427476122398;11.27064215404971;16.437683986359843
872;37.50;14.50;True;False;False;False;822;31.50;13.50;True;False;False;False;1;19.252272856090713;0;19.252272856090713;19.252272856090713
872;37.50;14.50;True;False;False;False;823;32.50;13.50;True;False;False;False;1;10.094444444444662;0;10.094444444444662;10.094444444444662
872;37.50;14.50;True;False;False;False;885;50.50;14.50;True;False;False;False;1;12.50499999999738;0;12.50499999999738;12.50499999999738
872;37.50;14.50;True;False;False;False;953;30.50;16.50;True;False;False;False;1;12.770923528281855;0;12.770923528281855;12.770923528281855
872;37.50;14.50;True;False;False;False;1014;47.50;17.50;True;False;False;False;1;15.854434860237234;0;15.854434860237234;15.854434860237234
872;37.50;14.50;True;False;False;False;1257;26.50;23.50;True;False;False;False;1;20.997222222222263;0;20.997222222222263;20.997222222222263
872;37.50;14.50;True;False;False;False;1363;44.50;25.50;True;False;False;False;1;19.47677803865463;0;19.47677803865463;19.47677803865463
874;39.50;14.50;True;False;False;False;12;61.50;3.50;False;False;True;False;1;66.22509459485946;0;66.22509459485946;66.22509459485946
874;39.50;14.50;True;False;False;False;28;61.50;9.50;False;False;True;False;5;88.01453828694267;331.1576898213709;67.53653930200016;107.10628775818986
874;39.50;14.50;True;False;False;False;44;61.50;15.50;False;False;True;False;7;140.99171306339315;3579.398619532041;86.48250359646408;263.1377721917379
874;39.50;14.50;True;False;False;False;124;0.50;24.50;False;True;False;False;1;595.9576949221737;0;595.9576949221737;595.9576949221737
874;39.50;14.50;True;False;False;False;305;42.50;1.50;True;False;False;False;1;17.518364760662735;0;17.518364760662735;17.518364760662735
874;39.50;14.50;True;False;False;False;732;29.50;11.50;True;False;False;False;1;19.560367972724634;0;19.560367972724634;19.560367972724634
874;39.50;14.50;True;False;False;False;821;30.50;13.50;True;False;False;False;4;14.439358046815642;11.070648376413429;12.656111111115024;19.425649346965656
874;39.50;14.50;True;False;False;False;822;31.50;13.50;True;False;False;False;1;12.387590194950462;0;12.387590194950462;12.387590194950462
874;39.50;14.50;True;False;False;False;833;42.50;13.50;True;False;False;False;1;9.30981961010184;0;9.30981961010184;9.30981961010184
874;39.50;14.50;True;False;False;False;867;32.50;14.50;True;False;False;False;1;8.29983001681785;0;8.29983001681785;8.29983001681785
874;39.50;14.50;True;False;False;False;970;47.50;16.50;True;False;False;False;1;13.795887582840805;0;13.795887582840805;13.795887582840805
874;39.50;14.50;True;False;False;False;972;49.50;16.50;True;False;False;False;1;15.533469271422291;0;15.533469271422291;15.533469271422291
874;39.50;14.50;True;False;False;False;975;52.50;16.50;True;False;False;False;1;21.562831606417603;0;21.562831606417603;21.562831606417603
874;39.50;14.50;True;False;False;False;1226;39.50;22.50;True;False;False;False;1;15.277694374013663;0;15.277694374013663;15.277694374013663
874;39.50;14.50;True;False;False;False;1328;9.50;25.50;True;False;False;False;1;35.2138888888785;0;35.2138888888785;35.2138888888785
875;40.50;14.50;True;False;False;False;12;61.50;3.50;False;False;True;False;2;147.3294881454176;1350.8596487180325;121.34045537466955;173.31852091616565
875;40.50;14.50;True;False;False;False;28;61.50;9.50;False;False;True;False;1;75.48926005635076;0;75.48926005635076;75.48926005635076
875;40.50;14.50;True;False;False;False;60;61.50;21.50;False;False;True;False;2;91.66532867166643;225.0717704574496;81.05703544284188;102.27362190049098
875;40.50;14.50;True;False;False;False;92;0.50;12.50;False;True;False;False;2;255.09122448218477;15.400186743742891;252.31632027269006;257.8661286916795
875;40.50;14.50;True;False;False;False;711;52.50;10.50;True;False;False;False;1;18.30778497068968;0;18.30778497068968;18.30778497068968
875;40.50;14.50;True;False;False;False;755;52.50;11.50;True;False;False;False;1;17.10267998818199;0;17.10267998818199;17.10267998818199
875;40.50;14.50;True;False;False;False;821;30.50;13.50;True;False;False;False;2;19.48422035356907;61.95394933138527;13.918524110897124;25.04991659624102
875;40.50;14.50;True;False;False;False;880;45.50;14.50;True;False;False;False;1;7.313152139973681;0;7.313152139973681;7.313152139973681
875;40.50;14.50;True;False;False;False;937;14.50;16.50;True;False;False;False;1;26.571572875260244;0;26.571572875260244;26.571572875260244
875;40.50;14.50;True;False;False;False;982;15.50;17.50;True;False;False;False;1;26.107972553523723;0;26.107972553523723;26.107972553523723
876;41.50;14.50;True;False;False;False;28;61.50;9.50;False;False;True;False;2;109.32506742060377;3148.617382995127;69.64750837903011;149.00262646217743
876;41.50;14.50;True;False;False;False;44;61.50;15.50;False;False;True;False;2;104.83227684482199;738.9767342519816;85.61019664714331;124.05435704250067
876;41.50;14.50;True;False;False;False;76;0.50;6.50;False;True;False;False;1;548.9509099458592;0;548.9509099458592;548.9509099458592
876;41.50;14.50;True;False;False;False;820;29.50;13.50;True;False;False;False;1;14.502128430809535;0;14.502128430809535;14.502128430809535
876;41.50;14.50;True;False;False;False;821;30.50;13.50;True;False;False;False;1;14.631760458079953;0;14.631760458079953;14.631760458079953
876;41.50;14.50;True;False;False;False;822;31.50;13.50;True;False;False;False;1;13.668233152452558;0;13.668233152452558;13.668233152452558
876;41.50;14.50;True;False;False;False;823;32.50;13.50;True;False;False;False;1;13.146411172008811;0;13.146411172008811;13.146411172008811
876;41.50;14.50;True;False;False;False;835;44.50;13.50;True;False;False;False;1;9.16222222221404;0;9.16222222221404;9.16222222221404
877;42.50;14.50;True;False;False;False;28;61.50;9.50;False;False;True;False;2;157.0763042894805;542.4184996005081;140.60787237262048;173.54473620634053
877;42.50;14.50;True;False;False;False;44;61.50;15.50;False;False;True;False;8;100.51742428219859;468.6341692001012;55.49742658216019;120.48450546599906
877;42.50;14.50;True;False;False;False;60;61.50;21.50;False;False;True;False;3;115.48252952934808;490.7346594140028;90.42445163735829;132.4617604580817
877;42.50;14.50;True;False;False;False;582;11.50;8.50;True;False;False;False;1;32.36459686610033;0;32.36459686610033;32.36459686610033
877;42.50;14.50;True;False;False;False;733;30.50;11.50;True;False;False;False;1;16.55085611727509;0;16.55085611727509;16.55085611727509
877;42.50;14.50;True;False;False;False;735;32.50;11.50;True;False;False;False;1;14.943423930010795;0;14.943423930010795;14.943423930010795
877;42.50;14.50;True;False;False;False;820;29.50;13.50;True;False;False;False;2;19.100833333335686;23.10866805552357;15.701666666671372;22.5
877;42.50;14.50;True;False;False;False;821;30.50;13.50;True;False;False;False;1;33.36766080070083;0;33.36766080070083;33.36766080070083
877;42.50;14.50;True;False;False;False;822;31.50;13.50;True;False;False;False;2;15.523701707797272;4.754646278969862;13.98184466530438;17.065558750290165
877;42.50;14.50;True;False;False;False;864;29.50;14.50;True;False;False;False;1;21.214079666449834;0;21.214079666449834;21.214079666449834
877;42.50;14.50;True;False;False;False;867;32.50;14.50;True;False;False;False;1;9.83705063212983;0;9.83705063212983;9.83705063212983
877;42.50;14.50;True;False;False;False;874;39.50;14.50;True;False;False;False;1;5.921111111110804;0;5.921111111110804;5.921111111110804
877;42.50;14.50;True;False;False;False;1014;47.50;17.50;True;False;False;False;1;12.680461764139181;0;12.680461764139181;12.680461764139181
877;42.50;14.50;True;False;False;False;1099;44.50;19.50;True;False;False;False;1;11.752128430809535;0;11.752128430809535;11.752128430809535
879;44.50;14.50;True;False;False;False;44;61.50;15.50;False;False;True;False;5;97.82987988313316;85.69324135533618;87.70462963598038;110.3546456096592
879;44.50;14.50;True;False;False;False;60;61.50;21.50;False;False;True;False;2;94.86133795822434;2.1688197546591526;93.81998793189814;95.90268798455054
879;44.50;14.50;True;False;False;False;76;0.50;6.50;False;True;False;False;1;578.9016037736292;0;578.9016037736292;578.9016037736292
879;44.50;14.50;True;False;False;False;92;0.50;12.50;False;True;False;False;1;241.36167066485996;0;241.36167066485996;241.36167066485996
879;44.50;14.50;True;False;False;False;613;42.50;8.50;True;False;False;False;1;13.404725818682891;0;13.404725818682891;13.404725818682891
879;44.50;14.50;True;False;False;False;820;29.50;13.50;True;False;False;False;2;30.715735543753908;55.39154252122047;25.45305834857936;35.978412738928455
879;44.50;14.50;True;False;False;False;821;30.50;13.50;True;False;False;False;1;17.078245931388665;0;17.078245931388665;17.078245931388665
879;44.50;14.50;True;False;False;False;866;31.50;14.50;True;False;False;False;1;12.329992807075541;0;12.329992807075541;12.329992807075541
879;44.50;14.50;True;False;False;False;867;32.50;14.50;True;False;False;False;1;12.42833333333283;0;12.42833333333283;12.42833333333283
879;44.50;14.50;True;False;False;False;935;12.50;16.50;True;False;False;False;1;30.183015210121084;0;30.183015210121084;30.183015210121084
879;44.50;14.50;True;False;False;False;1229;42.50;22.50;True;False;False;False;1;12.935368776180894;0;12.935368776180894;12.935368776180894
879;44.50;14.50;True;False;False;False;1239;52.50;22.50;True;False;False;False;1;18.348464389951914;0;18.348464389951914;18.348464389951914
880;45.50;14.50;True;False;False;False;44;61.50;15.50;False;False;True;False;5;103.3106015958413;438.3581732817066;79.73898748193687;137.22310896357885
880;45.50;14.50;True;False;False;False;60;61.50;21.50;False;False;True;False;2;130.3180643458254;1.2185077598004075;129.5375171788328;131.09861151281802
880;45.50;14.50;True;False;False;False;583;12.50;8.50;True;False;False;False;1;46.9793602372265;0;46.9793602372265;46.9793602372265
880;45.50;14.50;True;False;False;False;703;44.50;10.50;True;False;False;False;1;9.679538235854125;0;9.679538235854125;9.679538235854125
880;45.50;14.50;True;False;False;False;821;30.50;13.50;True;False;False;False;2;20.71824833219648;21.296396813765757;17.455090596676655;23.981406067716307
880;45.50;14.50;True;False;False;False;822;31.50;13.50;True;False;False;False;3;17.49617755501883;3.5497673207289093;16.195842289178472;19.656846253161348
881;46.50;14.50;True;False;False;False;28;61.50;9.50;False;False;True;False;2;116.864444846163;14.786592884466137;114.14538316200924;119.58350653031675
881;46.50;14.50;True;False;False;False;44;61.50;15.50;False;False;True;False;2;82.61027937514427;30.324710221103796;78.71639248534484;86.5041662649437
881;46.50;14.50;True;False;False;False;618;47.50;8.50;True;False;False;False;1;10.507138818455132;0;10.507138818455132;10.507138818455132
881;46.50;14.50;True;False;False;False;732;29.50;11.50;True;False;False;False;1;28.795000000000073;0;28.795000000000073;28.795000000000073
881;46.50;14.50;True;False;False;False;820;29.50;13.50;True;False;False;False;1;19.1101567070873;0;19.1101567070873;19.1101567070873
881;46.50;14.50;True;False;False;False;1104;49.50;19.50;True;False;False;False;1;13;0;13;13
882;47.50;14.50;True;False;False;False;12;61.50;3.50;False;False;True;False;5;91.86657191874114;154.78572753218307;71.02924408269246;101.26713242898768
882;47.50;14.50;True;False;False;False;28;61.50;9.50;False;False;True;False;5;102.46233675311177;1452.6121508804167;56.41916945967023;154.94633341138615
882;47.50;14.50;True;False;False;False;44;61.50;15.50;False;False;True;False;3;131.3649919972623;2108.3365096413104;78.72287156919265;163.15796935876642
882;47.50;14.50;True;False;False;False;92;0.50;12.50;False;True;False;False;1;249.52126487530086;0;249.52126487530086;249.52126487530086
882;47.50;14.50;True;False;False;False;733;30.50;11.50;True;False;False;False;1;20.077309624166446;0;20.077309624166446;20.077309624166446
882;47.50;14.50;True;False;False;False;820;29.50;13.50;True;False;False;False;2;25.973284840258202;84.94466182967213;19.456204902522586;32.49036477799382
882;47.50;14.50;True;False;False;False;821;30.50;13.50;True;False;False;False;1;17.813795097470575;0;17.813795097470575;17.813795097470575
882;47.50;14.50;True;False;False;False;822;31.50;13.50;True;False;False;False;1;22.8128747639239;0;22.8128747639239;22.8128747639239
882;47.50;14.50;True;False;False;False;830;39.50;13.50;True;False;False;False;1;12.472813761438829;0;12.472813761438829;12.472813761438829
882;47.50;14.50;True;False;False;False;837;46.50;13.50;True;False;False;False;1;6.780555555555338;0;6.780555555555338;6.780555555555338
882;47.50;14.50;True;False;False;False;840;49.50;13.50;True;False;False;False;1;8.19056994139828;0;8.19056994139828;8.19056994139828
882;47.50;14.50;True;False;False;False;864;29.50;14.50;True;False;False;False;2;20.599583132469434;46.929252665598725;15.755553164271532;25.443613100667335
882;47.50;14.50;True;False;False;False;872;37.50;14.50;True;False;False;False;1;11.128232349003156;0;11.128232349003156;11.128232349003156
882;47.50;14.50;True;False;False;False;1104;49.50;19.50;True;False;False;False;1;12.25971782230772;0;12.25971782230772;12.25971782230772
882;47.50;14.50;True;False;False;False;1108;9.50;20.50;True;False;False;False;1;43.1947258186774;0;43.1947258186774;43.1947258186774
882;47.50;14.50;True;False;False;False;1345;26.50;25.50;True;False;False;False;1;29.702135623727372;0;29.702135623727372;29.702135623727372
884;49.50;14.50;True;False;False;False;12;61.50;3.50;False;False;True;False;5;141.814662454899;1883.1734932816182;100.33185344605045;207.74024699755682
884;49.50;14.50;True;False;False;False;28;61.50;9.50;False;False;True;False;6;108.6041782169178;502.28248598566813;81.08192326738572;137.68870530424783
884;49.50;14.50;True;False;False;False;44;61.50;15.50;False;False;True;False;3;106.82914654820418;162.41275879844628;93.27246761282731;118.5648140240819
884;49.50;14.50;True;False;False;False;92;0.50;12.50;False;True;False;False;2;261.19200053216264;13.170391268132402;258.6258369298048;263.7581641345205
884;49.50;14.50;True;False;False;False;108;0.50;18.50;False;True;False;False;1;594.5530753901494;0;594.5530753901494;594.5530753901494
884;49.50;14.50;True;False;False;False;574;47.50;7.50;True;False;False;False;1;13.981117500586151;0;13.981117500586151;13.981117500586151
884;49.50;14.50;True;False;False;False;710;51.50;10.50;True;False;False;False;1;11.249444444443725;0;11.249444444443725;11.249444444443725
884;49.50;14.50;True;False;False;False;734;31.50;11.50;True;False;False;False;1;20.728914465809794;0;20.728914465809794;20.728914465809794
884;49.50;14.50;True;False;False;False;820;29.50;13.50;True;False;False;False;1;20.29620170778867;0;20.29620170778867;20.29620170778867
884;49.50;14.50;True;False;False;False;821;30.50;13.50;True;False;False;False;3;28.16494333257803;100.52649329235389;19.23315294342865;39.0100103876357
884;49.50;14.50;True;False;False;False;822;31.50;13.50;True;False;False;False;1;19.722777777775264;0;19.722777777775264;19.722777777775264
884;49.50;14.50;True;False;False;False;842;51.50;13.50;True;False;False;False;1;7.858047960908152;0;7.858047960908152;7.858047960908152
884;49.50;14.50;True;False;False;False;867;32.50;14.50;True;False;False;False;1;15.768702109508013;0;15.768702109508013;15.768702109508013
884;49.50;14.50;True;False;False;False;950;27.50;16.50;True;False;False;False;1;26.079628029084233;0;26.079628029084233;26.079628029084233
884;49.50;14.50;True;False;False;False;965;42.50;16.50;True;False;False;False;1;14.535274984766147;0;14.535274984766147;14.535274984766147
884;49.50;14.50;True;False;False;False;1017;50.50;17.50;True;False;False;False;1;9.452597387875358;0;9.452597387875358;9.452597387875358
884;49.50;14.50;True;False;False;False;1237;50.50;22.50;True;False;False;False;1;11.82129549919864;0;11.82129549919864;11.82129549919864
884;49.50;14.50;True;False;False;False;1247;16.50;23.50;True;False;False;False;1;34.46205965827903;0;34.46205965827903;34.46205965827903
884;49.50;14.50;True;False;False;False;1257;26.50;23.50;True;False;False;False;1;30.129076471712324;0;30.129076471712324;30.129076471712324
884;49.50;14.50;True;False;False;False;1331;12.50;25.50;True;False;False;False;1;39.284719429204415;0;39.284719429204415;39.284719429204415
885;50.50;14.50;True;False;False;False;12;61.50;3.50;False;False;True;False;2;154.37016532924895;23.279860589089427;150.95843112293323;157.78189953556466
885;50.50;14.50;True;False;False;False;28;61.50;9.50;False;False;True;False;5;83.51039782192728;181.83256870454522;71.7445454287772;102.77796296929955
885;50.50;14.50;True;False;False;False;44;61.50;15.50;False;False;True;False;1;76.20323715062932;0;76.20323715062932;76.20323715062932
885;50.50;14.50;True;False;False;False;108;0.50;18.50;False;True;False;False;1;584.6823368079749;0;584.6823368079749;584.6823368079749
885;50.50;14.50;True;False;False;False;733;30.50;11.50;True;False;False;False;2;29.76760458078013;102.60796922655246;22.60492459258603;36.93028456897423
885;50.50;14.50;True;False;False;False;734;31.50;11.50;True;False;False;False;1;37.91888888889298;0;37.91888888889298;37.91888888889298
885;50.50;14.50;True;False;False;False;821;30.50;13.50;True;False;False;False;1;19.886760458078243;0;19.886760458078243;19.886760458078243
885;50.50;14.50;True;False;False;False;822;31.50;13.50;True;False;False;False;1;31.21453903931433;0;31.21453903931433;31.21453903931433
885;50.50;14.50;True;False;False;False;833;42.50;13.50;True;False;False;False;1;19.63092113700168;0;19.63092113700168;19.63092113700168
885;50.50;14.50;True;False;False;False;877;42.50;14.50;True;False;False;False;1;8.785090596677037;0;8.785090596677037;8.785090596677037
885;50.50;14.50;True;False;False;False;1148;49.50;20.50;True;False;False;False;1;12.501583262903296;0;12.501583262903296;12.501583262903296
885;50.50;14.50;True;False;False;False;1252;21.50;23.50;True;False;False;False;1;32.48387610996724;0;32.48387610996724;32.48387610996724
886;51.50;14.50;True;False;False;False;12;61.50;3.50;False;False;True;False;1;75.73397229265538;0;75.73397229265538;75.73397229265538
886;51.50;14.50;True;False;False;False;28;61.50;9.50;False;False;True;False;2;101.32505980694032;40.009210453106256;96.85240900159533;105.7977106122853
886;51.50;14.50;True;False;False;False;60;61.50;21.50;False;False;True;False;1;82.52342712474092;0;82.52342712474092;82.52342712474092
886;51.50;14.50;True;False;False;False;92;0.50;12.50;False;True;False;False;1;264.1763034955811;0;264.1763034955811;264.1763034955811
886;51.50;14.50;True;False;False;False;289;26.50;1.50;True;False;False;False;1;34.15824992958187;0;34.15824992958187;34.15824992958187
886;51.50;14.50;True;False;False;False;729;26.50;11.50;True;False;False;False;1;25.786756459893695;0;25.786756459893695;25.786756459893695
886;51.50;14.50;True;False;False;False;734;31.50;11.50;True;False;False;False;1;22.750745529665437;0;22.750745529665437;22.750745529665437
886;51.50;14.50;True;False;False;False;821;30.50;13.50;True;False;False;False;1;20.538333333333867;0;20.538333333333867;20.538333333333867
886;51.50;14.50;True;False;False;False;827;36.50;13.50;True;False;False;False;1;17.03203463939647;0;17.03203463939647;17.03203463939647
886;51.50;14.50;True;False;False;False;1375;12.50;26.50;True;False;False;False;1;41.8448020295109;0;41.8448020295109;41.8448020295109
887;52.50;14.50;True;False;False;False;12;61.50;3.50;False;False;True;False;4;98.87622817340298;527.8498847992634;68.904411193329;122.29028137422938
887;52.50;14.50;True;False;False;False;28;61.50;9.50;False;False;True;False;5;95.94934011231116;154.59324301787;79.0568478600253;110.14573674890198
887;52.50;14.50;True;False;False;False;44;61.50;15.50;False;False;True;False;6;87.3576726630649;419.3446019717949;68.15994275042522;123.48379909566256
887;52.50;14.50;True;False;False;False;76;0.50;6.50;False;True;False;False;1;569.6951457105988;0;569.6951457105988;569.6951457105988
887;52.50;14.50;True;False;False;False;108;0.50;18.50;False;True;False;False;1;514.9172421941048;0;514.9172421941048;514.9172421941048
887;52.50;14.50;True;False;False;False;319;12.50;2.50;True;False;False;False;1;58.421184127209244;0;58.421184127209244;58.421184127209244
887;52.50;14.50;True;False;False;False;490;51.50;5.50;True;False;False;False;1;12.60161388699089;0;12.60161388699089;12.60161388699089
887;52.50;14.50;True;False;False;False;698;39.50;10.50;True;False;False;False;1;20.12453104293718;0;20.12453104293718;20.12453104293718
887;52.50;14.50;True;False;False;False;734;31.50;11.50;True;False;False;False;1;23.296572875253958;0;23.296572875253958;23.296572875253958
887;52.50;14.50;True;False;False;False;750;47.50;11.50;True;False;False;False;1;12.077961362417227;0;12.077961362417227;12.077961362417227
887;52.50;14.50;True;False;False;False;805;14.50;13.50;True;False;False;False;1;34.556124693492166;0;34.556124693492166;34.556124693492166
887;52.50;14.50;True;False;False;False;821;30.50;13.50;True;False;False;False;1;22.05120490252193;0;22.05120490252193;22.05120490252193
887;52.50;14.50;True;False;False;False;822;31.50;13.50;True;False;False;False;2;21.27282667257259;0.15129939031027323;20.997781775955445;21.547871569189738
887;52.50;14.50;True;False;False;False;823;32.50;13.50;True;False;False;False;1;25.460269417811105;0;25.460269417811105;25.460269417811105
887;52.50;14.50;True;False;False;False;864;29.50;14.50;True;False;False;False;1;27.828427124746668;0;27.828427124746668;27.828427124746668
887;52.50;14.50;True;False;False;False;865;30.50;14.50;True;False;False;False;1;18.211854249493626;0;18.211854249493626;18.211854249493626
887;52.50;14.50;True;False;False;False;882;47.50;14.50;True;False;False;False;1;6.62379509747916;0;6.62379509747916;6.62379509747916
887;52.50;14.50;True;False;False;False;967;44.50;16.50;True;False;False;False;1;14.947691179284448;0;14.947691179284448;14.947691179284448
887;52.50;14.50;True;False;False;False;988;21.50;17.50;True;False;False;False;1;29.704628029081505;0;29.704628029081505;29.704628029081505
887;52.50;14.50;True;False;False;False;1151;52.50;20.50;True;False;False;False;1;12.52400267124085;0;12.52400267124085;12.52400267124085
932;9.50;16.50;True;False;False;False;28;61.50;9.50;False;False;True;False;2;81.37705502249173;265.7413387967363;69.85010098430939;92.90400906067407
932;9.50;16.50;True;False;False;False;60;61.50;21.50;False;False;True;False;1;151.43537916383775;0;151.43537916383775;151.43537916383775
932;9.50;16.50;True;False;False;False;559;32.50;7.50;True;False;False;False;1;28.506948040889256;0;28.506948040889256;28.506948040889256
932;9.50;16.50;True;False;False;False;606;35.50;8.50;True;False;False;False;1;30.496944846163387;0;30.496944846163387;30.496944846163387
932;9.50;16.50;True;False;False;False;1151;52.50;20.50;True;False;False;False;1;38.12721502930526;0;38.12721502930526;38.12721502930526
935;12.50;16.50;True;False;False;False;44;61.50;15.50;False;False;True;False;2;139.79722876298365;1065.4197979597486;116.71671969191084;162.87773783405646
935;12.50;16.50;True;False;False;False;608;37.50;8.50;True;False;False;False;1;29.191849872469902;0;29.191849872469902;29.191849872469902
935;12.50;16.50;True;False;False;False;830;39.50;13.50;True;False;False;False;1;27.87631307975971;0;27.87631307975971;27.87631307975971
937;14.50;16.50;True;False;False;False;44;61.50;15.50;False;False;True;False;1;57.36916706838383;0;57.36916706838383;57.36916706838383
937;14.50;16.50;True;False;False;False;603;32.50;8.50;True;False;False;False;1;24.709632027269436;0;24.709632027269436;24.709632027269436
937;14.50;16.50;True;False;False;False;1135;36.50;20.50;True;False;False;False;1;24.54555475210327;0;24.54555475210327;24.54555475210327
938;15.50;16.50;True;False;False;False;28;61.50;9.50;False;False;True;False;1;191.09898348375646;0;191.09898348375646;191.09898348375646
939;16.50;16.50;True;False;False;False;28;61.50;9.50;False;False;True;False;1;74.62729736525489;0;74.62729736525489;74.62729736525489
939;16.50;16.50;True;False;False;False;60;61.50;21.50;False;False;True;False;1;74.0276943740273;0;74.0276943740273;74.0276943740273
939;16.50;16.50;True;False;False;False;484;45.50;5.50;True;False;False;False;1;34.25425686161816;0;34.25425686161816;34.25425686161816
940;17.50;16.50;True;False;False;False;44;61.50;15.50;False;False;True;False;1;106.85454143057359;0;106.85454143057359;106.85454143057359
940;17.50;16.50;True;False;False;False;60;61.50;21.50;False;False;True;False;1;171.37990540512692;0;171.37990540512692;171.37990540512692
940;17.50;16.50;True;False;False;False;481;42.50;5.50;True;False;False;False;1;30.611111111094942;0;30.611111111094942;30.611111111094942
940;17.50;16.50;True;False;False;False;957;34.50;16.50;True;False;False;False;1;15.25;0;15.25;15.25
942;19.50;16.50;True;False;False;False;12;61.50;3.50;False;False;True;False;2;125.73457657240124;963.5132276019052;103.78562184100338;147.6835313037991
942;19.50;16.50;True;False;False;False;44;61.50;15.50;False;False;True;False;1;118.09721742066176;0;118.09721742066176;118.09721742066176
942;19.50;16.50;True;False;False;False;60;61.50;21.50;False;False;True;False;2;138.38930935286498;1946.8280254136255;107.18972581867638;169.5888928870536
942;19.50;16.50;True;False;False;False;870;35.50;14.50;True;False;False;False;1;18.821925980893866;0;18.821925980893866;18.821925980893866
942;19.50;16.50;True;False;False;False;969;46.50;16.50;True;False;False;False;1;21.41740980504437;0;21.41740980504437;21.41740980504437
942;19.50;16.50;True;False;False;False;1107;52.50;19.50;True;False;False;False;1;36.737316013626696;0;36.737316013626696;36.737316013626696
942;19.50;16.50;True;False;False;False;1395;32.50;26.50;True;False;False;False;1;22.052713806906468;0;22.052713806906468;22.052713806906468
942;19.50;16.50;True;False;False;False;1415;52.50;26.50;True;False;False;False;1;48.285674923914485;0;48.285674923914485;48.285674923914485
945;22.50;16.50;True;False;False;False;28;61.50;9.50;False;False;True;False;1;56.6152813742392;0;56.6152813742392;56.6152813742392
947;24.50;16.50;True;False;False;False;44;61.50;15.50;False;False;True;False;1;102.72300878262104;0;102.72300878262104;102.72300878262104
949;26.50;16.50;True;False;False;False;108;0.50;18.50;False;True;False;False;1;31.281847860021514;0;31.281847860021514;31.281847860021514
949;26.50;16.50;True;False;False;False;124;0.50;24.50;False;True;False;False;1;553.6481601553787;0;553.6481601553787;553.6481601553787
949;26.50;16.50;True;False;False;False;820;29.50;13.50;True;False;False;False;1;11.634681838742836;0;11.634681838742836;11.634681838742836
949;26.50;16.50;True;False;False;False;1111;12.50;20.50;True;False;False;False;1;19.25615826680223;0;19.25615826680223;19.25615826680223
950;27.50;16.50;True;False;False;False;60;61.50;21.50;False;False;True;False;1;60.25398268030676;0;60.25398268030676;60.25398268030676
950;27.50;16.50;True;False;False;False;821;30.50;13.50;True;False;False;False;1;11.746757263341351;0;11.746757263341351;11.746757263341351
952;29.50;16.50;True;False;False;False;28;61.50;9.50;False;False;True;False;1;83.10267466652112;0;83.10267466652112;83.10267466652112
952;29.50;16.50;True;False;False;False;76;0.50;6.50;False;True;False;False;1;562.939919554643;0;562.939919554643;562.939919554643
952;29.50;16.50;True;False;False;False;124;0.50;24.50;False;True;False;False;1;595.4666008625281;0;595.4666008625281;595.4666008625281
952;29.50;16.50;True;False;False;False;569;42.50;7.50;True;False;False;False;1;24.494538235856453;0;24.494538235856453;24.494538235856453
952;29.50;16.50;True;False;False;False;578;51.50;7.50;True;False;False;False;1;28.49147588910637;0;28.49147588910637;28.49147588910637
952;29.50;16.50;True;False;False;False;745;42.50;11.50;True;False;False;False;1;23.79972581867696;0;23.79972581867696;23.79972581867696
952;29.50;16.50;True;False;False;False;821;30.50;13.50;True;False;False;False;2;9.033147749600175;0.012041097153115117;8.955555555556202;9.110739943644148
952;29.50;16.50;True;False;False;False;822;31.50;13.50;True;False;False;False;1;10.437576867938333;0;10.437576867938333;10.437576867938333
952;29.50;16.50;True;False;False;False;884;49.50;14.50;True;False;False;False;1;25.31166666666286;0;25.31166666666286;25.31166666666286
952;29.50;16.50;True;False;False;False;987;20.50;17.50;True;False;False;False;1;13.485739943645967;0;13.485739943645967;13.485739943645967
953;30.50;16.50;True;False;False;False;44;61.50;15.50;False;False;True;False;3;118.56960271999196;3041.819767428398;78.3273016277908;181.43695391049914
953;30.50;16.50;True;False;False;False;60;61.50;21.50;False;False;True;False;1;97.55592033353787;0;97.55592033353787;97.55592033353787
953;30.50;16.50;True;False;False;False;820;29.50;13.50;True;False;False;False;1;9.17898268029785;0;9.17898268029785;9.17898268029785
953;30.50;16.50;True;False;False;False;822;31.50;13.50;True;False;False;False;2;14.841939652343626;46.84216012980659;10.002406610313301;19.68147269437395
953;30.50;16.50;True;False;False;False;867;32.50;14.50;True;False;False;False;1;9.406570483966789;0;9.406570483966789;9.406570483966789
953;30.50;16.50;True;False;False;False;970;47.50;16.50;True;False;False;False;1;15.196017319693055;0;15.196017319693055;15.196017319693055
953;30.50;16.50;True;False;False;False;1096;41.50;19.50;True;False;False;False;1;16.64361470757285;0;16.64361470757285;16.64361470757285
954;31.50;16.50;True;False;False;False;12;61.50;3.50;False;False;True;False;1;102.88528537241655;0;102.88528537241655;102.88528537241655
954;31.50;16.50;True;False;False;False;28;61.50;9.50;False;False;True;False;1;121.10769198272465;0;121.10769198272465;121.10769198272465
954;31.50;16.50;True;False;False;False;60;61.50;21.50;False;False;True;False;1;104.52609566654064;0;104.52609566654064;104.52609566654064
954;31.50;16.50;True;False;False;False;124;0.50;24.50;False;True;False;False;1;536.3874777549172;0;536.3874777549172;536.3874777549172
954;31.50;16.50;True;False;False;False;670;11.50;10.50;True;False;False;False;1;25.43018438809304;0;25.43018438809304;25.43018438809304
954;31.50;16.50;True;False;False;False;696;37.50;10.50;True;False;False;False;1;15.956580068170297;0;15.956580068170297;15.956580068170297
954;31.50;16.50;True;False;False;False;734;31.50;11.50;True;False;False;False;1;26.224452440801542;0;26.224452440801542;26.224452440801542
954;31.50;16.50;True;False;False;False;820;29.50;13.50;True;False;False;False;1;14.202226220397279;0;14.202226220397279;14.202226220397279
954;31.50;16.50;True;False;False;False;822;31.50;13.50;True;False;False;False;1;6.542316013634263;0;6.542316013634263;6.542316013634263
955;32.50;16.50;True;False;False;False;28;61.50;9.50;False;False;True;False;1;111.41416387364552;0;111.41416387364552;111.41416387364552
955;32.50;16.50;True;False;False;False;44;61.50;15.50;False;False;True;False;3;108.26278257305421;2762.2716217207417;70.13963922018411;168.21739861394235
955;32.50;16.50;True;False;False;False;60;61.50;21.50;False;False;True;False;5;116.0528499261709;356.9961447394023;90.63889152586853;136.62193845670117
955;32.50;16.50;True;False;False;False;108;0.50;18.50;False;True;False;False;1;537.9385193092512;0;537.9385193092512;537.9385193092512
955;32.50;16.50;True;False;False;False;732;29.50;11.50;True;False;False;False;1;40.322222222213895;0;40.322222222213895;40.322222222213895
955;32.50;16.50;True;False;False;False;734;31.50;11.50;True;False;False;False;2;10.90624766779365;0.0013384421302585488;10.880378360398026;10.932116975189274
955;32.50;16.50;True;False;False;False;820;29.50;13.50;True;False;False;False;1;14.588982680310437;0;14.588982680310437;14.588982680310437
955;32.50;16.50;True;False;False;False;821;30.50;13.50;True;False;False;False;1;10.25305915201534;0;10.25305915201534;10.25305915201534
955;32.50;16.50;True;False;False;False;822;31.50;13.50;True;False;False;False;2;9.342010349445445;0.2678971186635379;8.976020514433912;9.708000184456978
955;32.50;16.50;True;False;False;False;874;39.50;14.50;True;False;False;False;1;12.998881695966247;0;12.998881695966247;12.998881695966247
955;32.50;16.50;True;False;False;False;882;47.50;14.50;True;False;False;False;1;23.982516375384876;0;23.982516375384876;23.982516375384876
955;32.50;16.50;True;False;False;False;938;15.50;16.50;True;False;False;False;1;14.884832389008807;0;14.884832389008807;14.884832389008807
955;32.50;16.50;True;False;False;False;965;42.50;16.50;True;False;False;False;1;10.556741289674392;0;10.556741289674392;10.556741289674392
955;32.50;16.50;True;False;False;False;968;45.50;16.50;True;False;False;False;1;13.803152943422901;0;13.803152943422901;13.803152943422901
955;32.50;16.50;True;False;False;False;1224;37.50;22.50;True;False;False;False;1;14.064639220190656;0;14.064639220190656;14.064639220190656
957;34.50;16.50;True;False;False;False;28;61.50;9.50;False;False;True;False;1;53.95759019494744;0;53.95759019494744;53.95759019494744
957;34.50;16.50;True;False;False;False;44;61.50;15.50;False;False;True;False;2;76.99008339424017;59.141120559825126;71.55220142789403;82.42796536058631
957;34.50;16.50;True;False;False;False;60;61.50;21.50;False;False;True;False;1;76.6932403453684;0;76.6932403453684;76.6932403453684
957;34.50;16.50;True;False;False;False;108;0.50;18.50;False;True;False;False;1;585.2577639118099;0;585.2577639118099;585.2577639118099
957;34.50;16.50;True;False;False;False;742;39.50;11.50;True;False;False;False;1;18.70564934696813;0;18.70564934696813;18.70564934696813
957;34.50;16.50;True;False;False;False;822;31.50;13.50;True;False;False;False;1;12.093701306053845;0;12.093701306053845;12.093701306053845
957;34.50;16.50;True;False;False;False;830;39.50;13.50;True;False;False;False;1;12.79566053806866;0;12.79566053806866;12.79566053806866
957;34.50;16.50;True;False;False;False;867;32.50;14.50;True;False;False;False;1;9.735555555556857;0;9.735555555556857;9.735555555556857
957;34.50;16.50;True;False;False;False;955;32.50;16.50;True;False;False;False;1;5.3599397628240695;0;5.3599397628240695;5.3599397628240695
958;35.50;16.50;True;False;False;False;12;61.50;3.50;False;False;True;False;1;106.27454862349259;0;106.27454862349259;106.27454862349259
958;35.50;16.50;True;False;False;False;967;44.50;16.50;True;False;False;False;1;10.039444444442779;0;10.039444444442779;10.039444444442779
958;35.50;16.50;True;False;False;False;1097;42.50;19.50;True;False;False;False;1;13.962316013635075;0;13.962316013635075;13.962316013635075
959;36.50;16.50;True;False;False;False;28;61.50;9.50;False;False;True;False;2;103.49833892889023;1056.7904220788405;80.51149027494421;126.48518758283626
959;36.50;16.50;True;False;False;False;60;61.50;21.50;False;False;True;False;1;114.7203751656416;0;114.7203751656416;114.7203751656416
959;36.50;16.50;True;False;False;False;822;31.50;13.50;True;False;False;False;1;12.757030641209894;0;12.757030641209894;12.757030641209894
959;36.50;16.50;True;False;False;False;823;32.50;13.50;True;False;False;False;1;11.720649346969367;0;11.720649346969367;11.720649346969367
959;36.50;16.50;True;False;False;False;835;44.50;13.50;True;False;False;False;1;15.07816174319305;0;15.07816174319305;15.07816174319305
960;37.50;16.50;True;False;False;False;12;61.50;3.50;False;False;True;False;2;100.01180975460511;125.44849488256379;92.09194564962945;107.93167385958077
960;37.50;16.50;True;False;False;False;28;61.50;9.50;False;False;True;False;1;92.5241670683863;0;92.5241670683863;92.5241670683863
960;37.50;16.50;True;False;False;False;44;61.50;15.50;False;False;True;False;1;92.45554782350882;0;92.45554782350882;92.45554782350882
960;37.50;16.50;True;False;False;False;884;49.50;14.50;True;False;False;False;1;16.917316013634263;0;16.917316013634263;16.917316013634263
960;37.50;16.50;True;False;False;False;1011;44.50;17.50;True;False;False;False;1;12.137320011805059;0;12.137320011805059;12.137320011805059
960;37.50;16.50;True;False;False;False;1105;50.50;19.50;True;False;False;False;1;18.465543825326677;0;18.465543825326677;18.465543825326677
960;37.50;16.50;True;False;False;False;1144;45.50;20.50;True;False;False;False;1;14.87684386183264;0;14.87684386183264;14.87684386183264
962;39.50;16.50;True;False;False;False;12;61.50;3.50;False;False;True;False;2;93.41968771324446;62.30682885775663;87.8381633310637;99.00121209542522
962;39.50;16.50;True;False;False;False;28;61.50;9.50;False;False;True;False;1;149.2345760527678;0;149.2345760527678;149.2345760527678
962;39.50;16.50;True;False;False;False;44;61.50;15.50;False;False;True;False;3;98.43719334968712;201.67967365390703;85.81507060574404;113.81419023497074
962;39.50;16.50;True;False;False;False;60;61.50;21.50;False;False;True;False;1;105.61583480304762;0;105.61583480304762;105.61583480304762
962;39.50;16.50;True;False;False;False;76;0.50;6.50;False;True;False;False;1;522.5635345175906;0;522.5635345175906;522.5635345175906
962;39.50;16.50;True;False;False;False;124;0.50;24.50;False;True;False;False;2;546.5815285126264;47.8186002527428;541.6918148066543;551.4712422185985
962;39.50;16.50;True;False;False;False;733;30.50;11.50;True;False;False;False;2;27.94389608180063;5.3804515735250185;26.30370530424989;29.584086859351373
962;39.50;16.50;True;False;False;False;734;31.50;11.50;True;False;False;False;1;24.355093791404215;0;24.355093791404215;24.355093791404215
962;39.50;16.50;True;False;False;False;821;30.50;13.50;True;False;False;False;2;20.756752059975497;59.73673421983357;15.291556079050679;26.221948040900315
962;39.50;16.50;True;False;False;False;822;31.50;13.50;True;False;False;False;2;15.954074874348407;6.722921758172926;14.12064615223062;17.787503596466195
962;39.50;16.50;True;False;False;False;823;32.50;13.50;True;False;False;False;1;13.742129234251479;0;13.742129234251479;13.742129234251479
962;39.50;16.50;True;False;False;False;867;32.50;14.50;True;False;False;False;1;13.991217681450507;0;13.991217681450507;13.991217681450507
962;39.50;16.50;True;False;False;False;1336;17.50;25.50;True;False;False;False;1;28.60528456897009;0;28.60528456897009;28.60528456897009
963;40.50;16.50;True;False;False;False;12;61.50;3.50;False;False;True;False;1;148.49968585592615;0;148.49968585592615;148.49968585592615
963;40.50;16.50;True;False;False;False;28;61.50;9.50;False;False;True;False;2;111.24050825811787;613.5545477140363;93.7254497695767;128.75556674665904
963;40.50;16.50;True;False;False;False;60;61.50;21.50;False;False;True;False;1;150.7114894714723;0;150.7114894714723;150.7114894714723
963;40.50;16.50;True;False;False;False;76;0.50;6.50;False;True;False;False;1;553.9446520181555;0;553.9446520181555;553.9446520181555
963;40.50;16.50;True;False;False;False;734;31.50;11.50;True;False;False;False;1;22.68804396276755;0;22.68804396276755;22.68804396276755
963;40.50;16.50;True;False;False;False;822;31.50;13.50;True;False;False;False;2;18.023936186320043;19.773297289279295;14.87963202726678;21.168240345373306
963;40.50;16.50;True;False;False;False;1283;52.50;23.50;True;False;False;False;1;27.461493469678317;0;27.461493469678317;27.461493469678317
963;40.50;16.50;True;False;False;False;1346;27.50;25.50;True;False;False;False;1;21.96768718110252;0;21.96768718110252;21.96768718110252
964;41.50;16.50;True;False;False;False;12;61.50;3.50;False;False;True;False;1;75.2759522999786;0;75.2759522999786;75.2759522999786
964;41.50;16.50;True;False;False;False;28;61.50;9.50;False;False;True;False;1;102.69795897112454;0;102.69795897112454;102.69795897112454
964;41.50;16.50;True;False;False;False;44;61.50;15.50;False;False;True;False;3;104.63738716776061;75.07863318560105;95.19475089481057;112.22333413676824
964;41.50;16.50;True;False;False;False;60;61.50;21.50;False;False;True;False;1;56.0799920036734;0;56.0799920036734;56.0799920036734
964;41.50;16.50;True;False;False;False;108;0.50;18.50;False;True;False;False;1;532.9541726734797;0;532.9541726734797;532.9541726734797
964;41.50;16.50;True;False;False;False;124;0.50;24.50;False;True;False;False;1;587.4606799900903;0;587.4606799900903;587.4606799900903
964;41.50;16.50;True;False;False;False;576;49.50;7.50;True;False;False;False;1;23.595649346968003;0;23.595649346968003;23.595649346968003
964;41.50;16.50;True;False;False;False;698;39.50;10.50;True;False;False;False;1;12.34101731969713;0;12.34101731969713;12.34101731969713
964;41.50;16.50;True;False;False;False;749;46.50;11.50;True;False;False;False;1;14.419480409029347;0;14.419480409029347;14.419480409029347
964;41.50;16.50;True;False;False;False;821;30.50;13.50;True;False;False;False;3;16.748642241003836;0.04000848125554847;16.561111111106584;16.959166264939995
964;41.50;16.50;True;False;False;False;865;30.50;14.50;True;False;False;False;1;15.855461764142092;0;15.855461764142092;15.855461764142092
964;41.50;16.50;True;False;False;False;1138;39.50;20.50;True;False;False;False;1;10.415743138381004;0;10.415743138381004;10.415743138381004
965;42.50;16.50;True;False;False;False;12;61.50;3.50;False;False;True;False;2;128.4959522999343;148.65822262243256;119.8745190483678;137.11738555150077
965;42.50;16.50;True;False;False;False;28;61.50;9.50;False;False;True;False;1;86.63612230220679;0;86.63612230220679;86.63612230220679
965;42.50;16.50;True;False;False;False;44;61.50;15.50;False;False;True;False;4;98.06888409678595;162.52750593009122;87.8229669484399;116.50518119335811
965;42.50;16.50;True;False;False;False;60;61.50;21.50;False;False;True;False;4;116.91891952965489;633.0587280367433;89.56963922017894;148.43407647170352
965;42.50;16.50;True;False;False;False;308;45.50;1.50;True;False;False;False;1;20.380003194734854;0;20.380003194734854;20.380003194734854
965;42.50;16.50;True;False;False;False;318;11.50;2.50;True;False;False;False;1;36.87860831809303;0;36.87860831809303;36.87860831809303
965;42.50;16.50;True;False;False;False;733;30.50;11.50;True;False;False;False;1;23.69957821756907;0;23.69957821756907;23.69957821756907
965;42.50;16.50;True;False;False;False;820;29.50;13.50;True;False;False;False;1;17.644281899618363;0;17.644281899618363;17.644281899618363
965;42.50;16.50;True;False;False;False;821;30.50;13.50;True;False;False;False;3;18.265463364683757;2.500290295646227;17.00091074933789;20.038340526254615
965;42.50;16.50;True;False;False;False;876;41.50;14.50;True;False;False;False;1;9.415743138379185;0;9.415743138379185;9.415743138379185
965;42.50;16.50;True;False;False;False;962;39.50;16.50;True;False;False;False;1;5.086017319699749;0;5.086017319699749;5.086017319699749
965;42.50;16.50;True;False;False;False;987;20.50;17.50;True;False;False;False;1;21.48407647170825;0;21.48407647170825;21.48407647170825
965;42.50;16.50;True;False;False;False;1014;47.50;17.50;True;False;False;False;1;10.090367972727108;0;10.090367972727108;10.090367972727108
967;44.50;16.50;True;False;False;False;12;61.50;3.50;False;False;True;False;1;89.15823180986627;0;89.15823180986627;89.15823180986627
967;44.50;16.50;True;False;False;False;44;61.50;15.50;False;False;True;False;7;98.40576552326677;524.2818963875828;64.82896561962116;129.88722622041223
967;44.50;16.50;True;False;False;False;60;61.50;21.50;False;False;True;False;2;112.89588222811835;3.845957868498489;111.50916706837961;114.2825973878571
967;44.50;16.50;True;False;False;False;108;0.50;18.50;False;True;False;False;1;558.7745155892881;0;558.7745155892881;558.7745155892881
967;44.50;16.50;True;False;False;False;620;49.50;8.50;True;False;False;False;1;15.901843861840462;0;15.901843861840462;15.901843861840462
967;44.50;16.50;True;False;False;False;750;47.50;11.50;True;False;False;False;1;13.01339330592964;0;13.01339330592964;13.01339330592964
967;44.50;16.50;True;False;False;False;821;30.50;13.50;True;False;False;False;1;19.26221902748148;0;19.26221902748148;19.26221902748148
967;44.50;16.50;True;False;False;False;822;31.50;13.50;True;False;False;False;1;26.75786517969391;0;26.75786517969391;26.75786517969391
967;44.50;16.50;True;False;False;False;865;30.50;14.50;True;False;False;False;1;18.532329095087334;0;18.532329095087334;18.532329095087334
967;44.50;16.50;True;False;False;False;866;31.50;14.50;True;False;False;False;1;16.461525455120864;0;16.461525455120864;16.461525455120864
967;44.50;16.50;True;False;False;False;885;50.50;14.50;True;False;False;False;1;12.427683986365082;0;12.427683986365082;12.427683986365082
967;44.50;16.50;True;False;False;False;886;51.50;14.50;True;False;False;False;1;13.218236347182028;0;13.218236347182028;13.218236347182028
967;44.50;16.50;True;False;False;False;1118;19.50;20.50;True;False;False;False;1;26.242965360605012;0;26.242965360605012;26.242965360605012
967;44.50;16.50;True;False;False;False;1234;47.50;22.50;True;False;False;False;1;13.071666666668534;0;13.071666666668534;13.071666666668534
967;44.50;16.50;True;False;False;False;1375;12.50;26.50;True;False;False;False;1;35.108137754101335;0;35.108137754101335;35.108137754101335
968;45.50;16.50;True;False;False;False;12;61.50;3.50;False;False;True;False;1;163.94296423499873;0;163.94296423499873;163.94296423499873
968;45.50;16.50;True;False;False;False;28;61.50;9.50;False;False;True;False;1;150.34695523380287;0;150.34695523380287;150.34695523380287
968;45.50;16.50;True;False;False;False;44;61.50;15.50;False;False;True;False;3;123.89390718533498;0.7587145239499999;123.06578842444287;124.80231362235554
968;45.50;16.50;True;False;False;False;60;61.50;21.50;False;False;True;False;2;117.93992339695797;2301.0685766657707;84.02039674441039;151.85945004950554
968;45.50;16.50;True;False;False;False;76;0.50;6.50;False;True;False;False;1;519.6173562408048;0;519.6173562408048;519.6173562408048
968;45.50;16.50;True;False;False;False;124;0.50;24.50;False;True;False;False;2;367.07298389591597;93652.22148330785;150.67956731016602;583.4664004816659
968;45.50;16.50;True;False;False;False;820;29.50;13.50;True;False;False;False;2;38.004585921134094;4.503455533074975;36.50401010947462;39.50516173279357
968;45.50;16.50;True;False;False;False;821;30.50;13.50;True;False;False;False;1;24.44981241716596;0;24.44981241716596;24.44981241716596
968;45.50;16.50;True;False;False;False;843;52.50;13.50;True;False;False;False;2;13.893615109295752;0.1044374106178079;13.66510098432991;14.122129234261593
968;45.50;16.50;True;False;False;False;865;30.50;14.50;True;False;False;False;1;18.79509778960255;0;18.79509778960255;18.79509778960255
968;45.50;16.50;True;False;False;False;1097;42.50;19.50;True;False;False;False;1;10.839440446266963;0;10.839440446266963;10.839440446266963
968;45.50;16.50;True;False;False;False;1143;44.50;20.50;True;False;False;False;1;9.924379727344785;0;9.924379727344785;9.924379727344785
968;45.50;16.50;True;False;False;False;1275;44.50;23.50;True;False;False;False;1;12.60027817950322;0;12.60027817950322;12.60027817950322
968;45.50;16.50;True;False;False;False;1371;52.50;25.50;True;False;False;False;1;17.45434346010461;0;17.45434346010461;17.45434346010461
969;46.50;16.50;True;False;False;False;44;61.50;15.50;False;False;True;False;3;112.62797229204989;537.446718867058;85.89067253259964;127.12990062256904
969;46.50;16.50;True;False;False;False;60;61.50;21.50;False;False;True;False;3;87.147695706747;241.88080751047244;69.38603490027162;98.32490620858766
969;46.50;16.50;True;False;False;False;108;0.50;18.50;False;True;False;False;3;552.2727630423318;2067.2310050499245;501.277993347901;588.5813042989648
969;46.50;16.50;True;False;False;False;414;19.50;4.50;True;False;False;False;1;32.98435065302874;0;32.98435065302874;32.98435065302874
969;46.50;16.50;True;False;False;False;821;30.50;13.50;True;False;False;False;2;33.677495600080874;41.71228611819179;29.110642957494747;38.244348242667
969;46.50;16.50;True;False;False;False;823;32.50;13.50;True;False;False;False;3;19.97633129045869;6.0387794951658815;18.48149107836616;22.812499598275394
969;46.50;16.50;True;False;False;False;855;20.50;14.50;True;False;False;False;1;25.951103918188892;0;25.951103918188892;25.951103918188892
969;46.50;16.50;True;False;False;False;864;29.50;14.50;True;False;False;False;1;19.262037834127113;0;19.262037834127113;19.262037834127113
969;46.50;16.50;True;False;False;False;972;49.50;16.50;True;False;False;False;1;6.065197989547414;0;6.065197989547414;6.065197989547414
970;47.50;16.50;True;False;False;False;12;61.50;3.50;False;False;True;False;4;109.55533967615906;428.81747094969603;87.34945004952988;130.42482041352196
970;47.50;16.50;True;False;False;False;28;61.50;9.50;False;False;True;False;6;87.19047726214103;745.0830966338608;45.98394273667145;123.63611510929695
970;47.50;16.50;True;False;False;False;60;61.50;21.50;False;False;True;False;4;115.36338290648291;1659.6897482988406;69.64797574824115;159.17148708019522
970;47.50;16.50;True;False;False;False;76;0.50;6.50;False;True;False;False;1;602.7445606179972;0;602.7445606179972;602.7445606179972
970;47.50;16.50;True;False;False;False;578;51.50;7.50;True;False;False;False;1;16.13611111110913;0;16.13611111110913;16.13611111110913
970;47.50;16.50;True;False;False;False;722;19.50;11.50;True;False;False;False;1;33.542036227219796;0;33.542036227219796;33.542036227219796
970;47.50;16.50;True;False;False;False;732;29.50;11.50;True;False;False;False;1;31.175099396506994;0;31.175099396506994;31.175099396506994
970;47.50;16.50;True;False;False;False;734;31.50;11.50;True;False;False;False;2;31.019453234730463;10.731266845469474;28.70306953967156;33.335836929789366
970;47.50;16.50;True;False;False;False;754;51.50;11.50;True;False;False;False;1;13.856728010408915;0;13.856728010408915;13.856728010408915
970;47.50;16.50;True;False;False;False;821;30.50;13.50;True;False;False;False;1;21.492436430944508;0;21.492436430944508;21.492436430944508
970;47.50;16.50;True;False;False;False;822;31.50;13.50;True;False;False;False;2;21.049678922972817;6.0735680594979815;19.30704183231137;22.792316013634263
970;47.50;16.50;True;False;False;False;823;32.50;13.50;True;False;False;False;2;19.957913271080088;0.29638578257126985;19.572954972967636;20.34287156919254
970;47.50;16.50;True;False;False;False;842;51.50;13.50;True;False;False;False;1;12.16111030765569;0;12.16111030765569;12.16111030765569
970;47.50;16.50;True;False;False;False;968;45.50;16.50;True;False;False;False;1;5.0894444444420515;0;5.0894444444420515;5.0894444444420515
970;47.50;16.50;True;False;False;False;1008;41.50;17.50;True;False;False;False;1;10.952676793458522;0;10.952676793458522;10.952676793458522
970;47.50;16.50;True;False;False;False;1110;11.50;20.50;True;False;False;False;1;44.48221983091935;0;44.48221983091935;44.48221983091935
972;49.50;16.50;True;False;False;False;12;61.50;3.50;False;False;True;False;3;101.45724409755576;1165.955214025455;65.21218145605599;133.02138207862617
972;49.50;16.50;True;False;False;False;28;61.50;9.50;False;False;True;False;4;111.55183939582156;350.82664542876955;96.53280015999621;138.94362589866432
972;49.50;16.50;True;False;False;False;44;61.50;15.50;False;False;True;False;2;86.72218318110208;24.152369973006568;83.24710260843858;90.19726375376558
972;49.50;16.50;True;False;False;False;458;19.50;5.50;True;False;False;False;1;34.658708498986016;0;34.658708498986016;34.658708498986016
972;49.50;16.50;True;False;False;False;613;42.50;8.50;True;False;False;False;1;21.326292304449453;0;21.326292304449453;21.326292304449453
972;49.50;16.50;True;False;False;False;732;29.50;11.50;True;False;False;False;1;37.73593391595932;0;37.73593391595932;37.73593391595932
972;49.50;16.50;True;False;False;False;821;30.50;13.50;True;False;False;False;1;21.254076471713688;0;21.254076471713688;21.254076471713688
972;49.50;16.50;True;False;False;False;822;31.50;13.50;True;False;False;False;1;21.766479083835293;0;21.766479083835293;21.766479083835293
972;49.50;16.50;True;False;False;False;823;32.50;13.50;True;False;False;False;1;20.51343031948818;0;20.51343031948818;20.51343031948818
972;49.50;16.50;True;False;False;False;1135;36.50;20.50;True;False;False;False;1;19.207503596457173;0;19.207503596457173;19.207503596457173
972;49.50;16.50;True;False;False;False;1148;49.50;20.50;True;False;False;False;1;6.709336267209437;0;6.709336267209437;6.709336267209437
972;49.50;16.50;True;False;False;False;1238;51.50;22.50;True;False;False;False;1;11.94647667348795;0;11.94647667348795;11.94647667348795
973;50.50;16.50;True;False;False;False;28;61.50;9.50;False;False;True;False;1;69.35916067892322;0;69.35916067892322;69.35916067892322
973;50.50;16.50;True;False;False;False;44;61.50;15.50;False;False;True;False;1;131.48255476940767;0;131.48255476940767;131.48255476940767
973;50.50;16.50;True;False;False;False;124;0.50;24.50;False;True;False;False;1;551.1310453069418;0;551.1310453069418;551.1310453069418
973;50.50;16.50;True;False;False;False;354;47.50;2.50;True;False;False;False;1;26.679906208586544;0;26.679906208586544;26.679906208586544
973;50.50;16.50;True;False;False;False;820;29.50;13.50;True;False;False;False;1;23.909919271089166;0;23.909919271089166;23.909919271089166
973;50.50;16.50;True;False;False;False;1226;39.50;22.50;True;False;False;False;1;18.47074313838675;0;18.47074313838675;18.47074313838675
974;51.50;16.50;True;False;False;False;28;61.50;9.50;False;False;True;False;3;97.06375868547791;1148.64099032596;70.52185424948038;135.2402619314853
974;51.50;16.50;True;False;False;False;44;61.50;15.50;False;False;True;False;1;91.26287237264205;0;91.26287237264205;91.26287237264205
974;51.50;16.50;True;False;False;False;820;29.50;13.50;True;False;False;False;1;25.061302692127356;0;25.061302692127356;25.061302692127356
974;51.50;16.50;True;False;False;False;822;31.50;13.50;True;False;False;False;1;22.422222222219716;0;22.422222222219716;22.422222222219716
974;51.50;16.50;True;False;False;False;998;31.50;17.50;True;False;False;False;1;20.324920594415744;0;20.324920594415744;20.324920594415744
974;51.50;16.50;True;False;False;False;1146;47.50;20.50;True;False;False;False;1;12.073520916162124;0;12.073520916162124;12.073520916162124
975;52.50;16.50;True;False;False;False;12;61.50;3.50;False;False;True;False;1;81.181486276746;0;81.181486276746;81.181486276746
975;52.50;16.50;True;False;False;False;28;61.50;9.50;False;False;True;False;4;76.7820024060502;391.02770331433703;54.737406610311155;94.36667066484733
975;52.50;16.50;True;False;False;False;44;61.50;15.50;False;False;True;False;6;79.54012816331323;864.2979111506543;40.34259738787398;116.35919933742844
975;52.50;16.50;True;False;False;False;60;61.50;21.50;False;False;True;False;12;93.04318845382436;1236.4430002882816;53.18388888887421;157.66537197091384
975;52.50;16.50;True;False;False;False;76;0.50;6.50;False;True;False;False;1;558.8148204326344;0;558.8148204326344;558.8148204326344
975;52.50;16.50;True;False;False;False;92;0.50;12.50;False;True;False;False;1;257.58573753328164;0;257.58573753328164;257.58573753328164
975;52.50;16.50;True;False;False;False;108;0.50;18.50;False;True;False;False;1;548.5278387803737;0;548.5278387803737;548.5278387803737
975;52.50;16.50;True;False;False;False;339;32.50;2.50;True;False;False;False;1;31.827067654679922;0;31.827067654679922;31.827067654679922
975;52.50;16.50;True;False;False;False;357;50.50;2.50;True;False;False;False;1;17.522218224035896;0;17.522218224035896;17.522218224035896
975;52.50;16.50;True;False;False;False;430;35.50;4.50;True;False;False;False;1;27.15703463940008;0;27.15703463940008;27.15703463940008
975;52.50;16.50;True;False;False;False;621;50.50;8.50;True;False;False;False;1;22.0602441090341;0;22.0602441090341;22.0602441090341
975;52.50;16.50;True;False;False;False;733;30.50;11.50;True;False;False;False;1;28.43398268029705;0;28.43398268029705;28.43398268029705
975;52.50;16.50;True;False;False;False;734;31.50;11.50;True;False;False;False;2;30.566214888456955;86.50043810525449;23.98972501523224;37.14270476168167
975;52.50;16.50;True;False;False;False;820;29.50;13.50;True;False;False;False;1;25.048340526249376;0;25.048340526249376;25.048340526249376
975;52.50;16.50;True;False;False;False;821;30.50;13.50;True;False;False;False;4;25.08146023199231;10.428584341650172;22.992222222223063;29.827215029301442
975;52.50;16.50;True;False;False;False;822;31.50;13.50;True;False;False;False;4;23.785698040901025;3.1433804113168264;22.667965360604285;26.432323206539877
975;52.50;16.50;True;False;False;False;823;32.50;13.50;True;False;False;False;1;22.419538235852087;0;22.419538235852087;22.419538235852087
975;52.50;16.50;True;False;False;False;828;37.50;13.50;True;False;False;False;1;19.539919790990098;0;19.539919790990098;19.539919790990098
975;52.50;16.50;True;False;False;False;843;52.50;13.50;True;False;False;False;1;6.782030641205893;0;6.782030641205893;6.782030641205893
975;52.50;16.50;True;False;False;False;864;29.50;14.50;True;False;False;False;1;23.656944846170063;0;23.656944846170063;23.656944846170063
975;52.50;16.50;True;False;False;False;865;30.50;14.50;True;False;False;False;1;23.75314335922394;0;23.75314335922394;23.75314335922394
975;52.50;16.50;True;False;False;False;880;45.50;14.50;True;False;False;False;1;13.097690375831007;0;13.097690375831007;13.097690375831007
975;52.50;16.50;True;False;False;False;955;32.50;16.50;True;False;False;False;1;16.656934458509568;0;16.656934458509568;16.656934458509568
975;52.50;16.50;True;False;False;False;992;25.50;17.50;True;False;False;False;1;25.06240980504299;0;25.06240980504299;25.06240980504299
975;52.50;16.50;True;False;False;False;1006;39.50;17.50;True;False;False;False;1;15.424538235856744;0;15.424538235856744;15.424538235856744
975;52.50;16.50;True;False;False;False;1148;49.50;20.50;True;False;False;False;1;11.253427124745485;0;11.253427124745485;11.253427124745485
976;9.50;17.50;True;False;False;False;12;61.50;3.50;False;False;True;False;1;105.21785240079043;0;105.21785240079043;105.21785240079043
976;9.50;17.50;True;False;False;False;28;61.50;9.50;False;False;True;False;1;65.77907647170923;0;65.77907647170923;65.77907647170923
976;9.50;17.50;True;False;False;False;999;32.50;17.50;True;False;False;False;1;18.767879565562055;0;18.767879565562055;18.767879565562055
976;9.50;17.50;True;False;False;False;1233;46.50;22.50;True;False;False;False;1;34.75509059667638;0;34.75509059667638;34.75509059667638
976;9.50;17.50;True;False;False;False;1280;49.50;23.50;True;False;False;False;1;37.28083373505433;0;37.28083373505433;37.28083373505433
979;12.50;17.50;True;False;False;False;60;61.50;21.50;False;False;True;False;1;89.44565334515391;0;89.44565334515391;89.44565334515391
979;12.50;17.50;True;False;False;False;567;40.50;7.50;True;False;False;False;1;44.26999361053731;0;44.26999361053731;44.26999361053731
981;14.50;17.50;True;False;False;False;12;61.50;3.50;False;False;True;False;1;190.40926085979663;0;190.40926085979663;190.40926085979663
981;14.50;17.50;True;False;False;False;44;61.50;15.50;False;False;True;False;1;70.3385073337704;0;70.3385073337704;70.3385073337704
981;14.50;17.50;True;False;False;False;60;61.50;21.50;False;False;True;False;1;69.13888969232721;0;69.13888969232721;69.13888969232721
981;14.50;17.50;True;False;False;False;701;42.50;10.50;True;False;False;False;1;30.406204902523314;0;30.406204902523314;30.406204902523314
981;14.50;17.50;True;False;False;False;832;41.50;13.50;True;False;False;False;1;31.254632027255866;0;31.254632027255866;31.254632027255866
981;14.50;17.50;True;False;False;False;885;50.50;14.50;True;False;False;False;1;32.945735945453634;0;32.945735945453634;32.945735945453634
981;14.50;17.50;True;False;False;False;988;21.50;17.50;True;False;False;False;1;8.01045217993692;0;8.01045217993692;8.01045217993692
982;15.50;17.50;True;False;False;False;44;61.50;15.50;False;False;True;False;1;82.66323234899755;0;82.66323234899755;82.66323234899755
982;15.50;17.50;True;False;False;False;60;61.50;21.50;False;False;True;False;1;82.6056493469714;0;82.6056493469714;82.6056493469714
982;15.50;17.50;True;False;False;False;607;36.50;8.50;True;False;False;False;1;27.625406794764785;0;27.625406794764785;27.625406794764785
982;15.50;17.50;True;False;False;False;962;39.50;16.50;True;False;False;False;1;23.16147189091862;0;23.16147189091862;23.16147189091862
983;16.50;17.50;True;False;False;False;12;61.50;3.50;False;False;True;False;1;145.25796935877952;0;145.25796935877952;145.25796935877952
983;16.50;17.50;True;False;False;False;108;0.50;18.50;False;True;False;False;1;566.775161986804;0;566.775161986804;566.775161986804
983;16.50;17.50;True;False;False;False;302;39.50;1.50;True;False;False;False;1;33.459632027268526;0;33.459632027268526;33.459632027268526
983;16.50;17.50;True;False;False;False;964;41.50;16.50;True;False;False;False;1;24.0369512356408;0;24.0369512356408;24.0369512356408
986;19.50;17.50;True;False;False;False;44;61.50;15.50;False;False;True;False;1;156.53245294341104;0;156.53245294341104;156.53245294341104
986;19.50;17.50;True;False;False;False;60;61.50;21.50;False;False;True;False;2;116.93501770326338;1819.409242764758;86.77370769553363;147.09632771099314
986;19.50;17.50;True;False;False;False;341;34.50;2.50;True;False;False;False;1;26.797038637584592;0;26.797038637584592;26.797038637584592
986;19.50;17.50;True;False;False;False;867;32.50;14.50;True;False;False;False;1;24.738614707574015;0;24.738614707574015;24.738614707574015
986;19.50;17.50;True;False;False;False;957;34.50;16.50;True;False;False;False;1;16.598516917965753;0;16.598516917965753;16.598516917965753
987;20.50;17.50;True;False;False;False;44;61.50;15.50;False;False;True;False;5;107.7078434263105;2755.524960001573;60.63796536059817;176.58980602769043
987;20.50;17.50;True;False;False;False;563;36.50;7.50;True;False;False;False;1;25.860529175202828;0;25.860529175202828;25.860529175202828
987;20.50;17.50;True;False;False;False;566;39.50;7.50;True;False;False;False;1;26.03693365505933;0;26.03693365505933;26.03693365505933
987;20.50;17.50;True;False;False;False;708;49.50;10.50;True;False;False;False;1;31.166009804632267;0;31.166009804632267;31.166009804632267
987;20.50;17.50;True;False;False;False;884;49.50;14.50;True;False;False;False;1;40.64335171733728;0;40.64335171733728;40.64335171733728
987;20.50;17.50;True;False;False;False;1280;49.50;23.50;True;False;False;False;1;31.4177849706939;0;31.4177849706939;31.4177849706939
988;21.50;17.50;True;False;False;False;12;61.50;3.50;False;False;True;False;1;133.90209432852134;0;133.90209432852134;133.90209432852134
988;21.50;17.50;True;False;False;False;28;61.50;9.50;False;False;True;False;1;186.19918013089227;0;186.19918013089227;186.19918013089227
988;21.50;17.50;True;False;False;False;44;61.50;15.50;False;False;True;False;2;116.26254649397197;4975.41069599011;66.38564454532388;166.13944844262005
988;21.50;17.50;True;False;False;False;108;0.50;18.50;False;True;False;False;1;559.5349648197721;0;559.5349648197721;559.5349648197721
988;21.50;17.50;True;False;False;False;437;42.50;4.50;True;False;False;False;1;30.17906233111262;0;30.17906233111262;30.17906233111262
988;21.50;17.50;True;False;False;False;608;37.50;8.50;True;False;False;False;1;23.33426405453065;0;23.33426405453065;23.33426405453065
988;21.50;17.50;True;False;False;False;754;51.50;11.50;True;False;False;False;1;30.892301363288425;0;30.892301363288425;30.892301363288425
988;21.50;17.50;True;False;False;False;955;32.50;16.50;True;False;False;False;1;13.50824912612461;0;13.50824912612461;13.50824912612461
988;21.50;17.50;True;False;False;False;1004;37.50;17.50;True;False;False;False;1;14.285187582827348;0;14.285187582827348;14.285187582827348
989;22.50;17.50;True;False;False;False;12;61.50;3.50;False;False;True;False;1;87.66860831809208;0;87.66860831809208;87.66860831809208
989;22.50;17.50;True;False;False;False;28;61.50;9.50;False;False;True;False;1;92.91037197091646;0;92.91037197091646;92.91037197091646
989;22.50;17.50;True;False;False;False;44;61.50;15.50;False;False;True;False;3;115.21621263106984;468.26069363302867;90.57732720472995;131.13491739968958
989;22.50;17.50;True;False;False;False;60;61.50;21.50;False;False;True;False;2;79.96745350601122;221.98246566472304;69.43221583273771;90.50269117928474
989;22.50;17.50;True;False;False;False;414;19.50;4.50;True;False;False;False;1;20.540934719381767;0;20.540934719381767;20.540934719381767
989;22.50;17.50;True;False;False;False;439;44.50;4.50;True;False;False;False;2;30.566946443532288;0.0021612901602554983;30.5340732769655;30.599819610099075
989;22.50;17.50;True;False;False;False;489;50.50;5.50;True;False;False;False;1;36.153795097477996;0;36.153795097477996;36.153795097477996
989;22.50;17.50;True;False;False;False;601;30.50;8.50;True;False;False;False;1;18.36611111111415;0;18.36611111111415;18.36611111111415
989;22.50;17.50;True;False;False;False;1012;45.50;17.50;True;False;False;False;1;19.15689234265119;0;19.15689234265119;19.15689234265119
989;22.50;17.50;True;False;False;False;1013;46.50;17.50;True;False;False;False;1;19.61861870577559;0;19.61861870577559;19.61861870577559
991;24.50;17.50;True;False;False;False;28;61.50;9.50;False;False;True;False;1;73.46434745829265;0;73.46434745829265;73.46434745829265
991;24.50;17.50;True;False;False;False;44;61.50;15.50;False;False;True;False;1;89.4384670683794;0;89.4384670683794;89.4384670683794
991;24.50;17.50;True;False;False;False;60;61.50;21.50;False;False;True;False;2;106.21023048988118;142.0033578147231;97.78398109247064;114.63647988729173
991;24.50;17.50;True;False;False;False;1014;47.50;17.50;True;False;False;False;1;18.753798292213105;0;18.753798292213105;18.753798292213105
991;24.50;17.50;True;False;False;False;1017;50.50;17.50;True;False;False;False;1;21.76147908384155;0;21.76147908384155;21.76147908384155
991;24.50;17.50;True;False;False;False;1107;52.50;19.50;True;False;False;False;1;38.854691999860734;0;38.854691999860734;38.854691999860734
992;25.50;17.50;True;False;False;False;12;61.50;3.50;False;False;True;False;1;95.39102131787149;0;95.39102131787149;95.39102131787149
992;25.50;17.50;True;False;False;False;28;61.50;9.50;False;False;True;False;1;52.25453903929156;0;52.25453903929156;52.25453903929156
992;25.50;17.50;True;False;False;False;60;61.50;21.50;False;False;True;False;2;71.5869452478828;764.9559889543365;52.029900622552304;91.14398987321329
992;25.50;17.50;True;False;False;False;294;31.50;1.50;True;False;False;False;1;22.019621639596153;0;22.019621639596153;22.019621639596153
992;25.50;17.50;True;False;False;False;351;44.50;2.50;True;False;False;False;1;29.45259738787354;0;29.45259738787354;29.45259738787354
992;25.50;17.50;True;False;False;False;740;37.50;11.50;True;False;False;False;1;22.244912598056544;0;22.244912598056544;22.244912598056544
992;25.50;17.50;True;False;False;False;832;41.50;13.50;True;False;False;False;1;23.01549770958445;0;23.01549770958445;23.01549770958445
993;26.50;17.50;True;False;False;False;60;61.50;21.50;False;False;True;False;1;75.54870450079397;0;75.54870450079397;75.54870450079397
994;27.50;17.50;True;False;False;False;28;61.50;9.50;False;False;True;False;1;228.42667066485294;0;228.42667066485294;228.42667066485294
994;27.50;17.50;True;False;False;False;830;39.50;13.50;True;False;False;False;1;18.818985875037185;0;18.818985875037185;18.818985875037185
996;29.50;17.50;True;False;False;False;60;61.50;21.50;False;False;True;False;1;116.15981402407442;0;116.15981402407442;116.15981402407442
996;29.50;17.50;True;False;False;False;1257;26.50;23.50;True;False;False;False;1;14.378333333330374;0;14.378333333330374;14.378333333330374
997;30.50;17.50;True;False;False;False;44;61.50;15.50;False;False;True;False;1;90.74379509747405;0;90.74379509747405;90.74379509747405
997;30.50;17.50;True;False;False;False;572;45.50;7.50;True;False;False;False;1;26.76934745827384;0;26.76934745827384;26.76934745827384
997;30.50;17.50;True;False;False;False;964;41.50;16.50;True;False;False;False;1;14.701266482010396;0;14.701266482010396;14.701266482010396
997;30.50;17.50;True;False;False;False;1016;49.50;17.50;True;False;False;False;1;17.957784970694775;0;17.957784970694775;17.957784970694775
998;31.50;17.50;True;False;False;False;44;61.50;15.50;False;False;True;False;1;140.54147988729153;0;140.54147988729153;140.54147988729153
998;31.50;17.50;True;False;False;False;561;34.50;7.50;True;False;False;False;1;16.32647588908003;0;16.32647588908003;16.32647588908003
998;31.50;17.50;True;False;False;False;562;35.50;7.50;True;False;False;False;1;19.53805195908717;0;19.53805195908717;19.53805195908717
998;31.50;17.50;True;False;False;False;608;37.50;8.50;True;False;False;False;1;17.40954384094698;0;17.40954384094698;17.40954384094698
998;31.50;17.50;True;False;False;False;866;31.50;14.50;True;False;False;False;1;5.872871569190465;0;5.872871569190465;5.872871569190465
998;31.50;17.50;True;False;False;False;1011;44.50;17.50;True;False;False;False;1;14.360549166089186;0;14.360549166089186;14.360549166089186
998;31.50;17.50;True;False;False;False;1014;47.50;17.50;True;False;False;False;1;14.529906208579632;0;14.529906208579632;14.529906208579632
998;31.50;17.50;True;False;False;False;1363;44.50;25.50;True;False;False;False;1;27.74589850927805;0;27.74589850927805;27.74589850927805
999;32.50;17.50;True;False;False;False;28;61.50;9.50;False;False;True;False;1;80.21037596911083;0;80.21037596911083;80.21037596911083
999;32.50;17.50;True;False;False;False;44;61.50;15.50;False;False;True;False;4;118.53815414381916;294.90513394126464;103.93297574822282;137.68230642943126
999;32.50;17.50;True;False;False;False;60;61.50;21.50;False;False;True;False;3;95.8044127268325;78.15292793633486;85.68738527706046;102.0407399436408
999;32.50;17.50;True;False;False;False;92;0.50;12.50;False;True;False;False;2;269.74100172872386;0.27883375049520404;269.36761603637933;270.1143874210684
999;32.50;17.50;True;False;False;False;108;0.50;18.50;False;True;False;False;1;602.4227047807503;0;602.4227047807503;602.4227047807503
999;32.50;17.50;True;False;False;False;287;24.50;1.50;True;False;False;False;1;23.37602051442991;0;23.37602051442991;23.37602051442991
999;32.50;17.50;True;False;False;False;450;11.50;5.50;True;False;False;False;1;28.812962165866338;0;28.812962165866338;28.812962165866338
999;32.50;17.50;True;False;False;False;820;29.50;13.50;True;False;False;False;1;13.006204902521858;0;13.006204902521858;13.006204902521858
999;32.50;17.50;True;False;False;False;821;30.50;13.50;True;False;False;False;2;10.316903144286698;0.0013100298395594962;10.291309885022201;10.342496403551195
999;32.50;17.50;True;False;False;False;822;31.50;13.50;True;False;False;False;1;9.802679988162708;0;9.802679988162708;9.802679988162708
999;32.50;17.50;True;False;False;False;864;29.50;14.50;True;False;False;False;1;20.216765014014527;0;20.216765014014527;20.216765014014527
999;32.50;17.50;True;False;False;False;1074;19.50;19.50;True;False;False;False;1;16.962048221786972;0;16.962048221786972;16.962048221786972
999;32.50;17.50;True;False;False;False;1097;42.50;19.50;True;False;False;False;1;16.09076710842237;0;16.09076710842237;16.09076710842237
999;32.50;17.50;True;False;False;False;1126;27.50;20.50;True;False;False;False;1;11.833380489028059;0;11.833380489028059;11.833380489028059
999;32.50;17.50;True;False;False;False;1138;39.50;20.50;True;False;False;False;1;13.456547298388614;0;13.456547298388614;13.456547298388614
1001;34.50;17.50;True;False;False;False;12;61.50;3.50;False;False;True;False;1;94.34583373503847;0;94.34583373503847;94.34583373503847
1001;34.50;17.50;True;False;False;False;28;61.50;9.50;False;False;True;False;1;105.22021021052933;0;105.22021021052933;105.22021021052933
1001;34.50;17.50;True;False;False;False;44;61.50;15.50;False;False;True;False;2;142.02955086323163;8.008819707477345;140.028448703486;144.03065302297728
1001;34.50;17.50;True;False;False;False;60;61.50;21.50;False;False;True;False;2;95.95116519973044;103.21019474704686;88.76749640352864;103.13483399593224
1001;34.50;17.50;True;False;False;False;76;0.50;6.50;False;True;False;False;1;567.2184689398928;0;567.2184689398928;567.2184689398928
1001;34.50;17.50;True;False;False;False;694;35.50;10.50;True;False;False;False;1;11.304809222452604;0;11.304809222452604;11.304809222452604
1001;34.50;17.50;True;False;False;False;749;46.50;11.50;True;False;False;False;1;18.983982680305417;0;18.983982680305417;18.983982680305417
1001;34.50;17.50;True;False;False;False;821;30.50;13.50;True;False;False;False;1;13.133175061329894;0;13.133175061329894;13.133175061329894
1001;34.50;17.50;True;False;False;False;822;31.50;13.50;True;False;False;False;1;12.885274984753778;0;12.885274984753778;12.885274984753778
1001;34.50;17.50;True;False;False;False;823;32.50;13.50;True;False;False;False;1;19.870302952980637;0;19.870302952980637;19.870302952980637
1001;34.50;17.50;True;False;False;False;997;30.50;17.50;True;False;False;False;1;16.6242640545388;0;16.6242640545388;16.6242640545388
1001;34.50;17.50;True;False;False;False;1277;46.50;23.50;True;False;False;False;1;19.28204183232083;0;19.28204183232083;19.28204183232083
1002;35.50;17.50;True;False;False;False;44;61.50;15.50;False;False;True;False;1;120.55825073302935;0;120.55825073302935;120.55825073302935
1002;35.50;17.50;True;False;False;False;821;30.50;13.50;True;False;False;False;1;18.21102690389671;0;18.21102690389671;18.21102690389671
1003;36.50;17.50;True;False;False;False;44;61.50;15.50;False;False;True;False;1;108.08093471938764;0;108.08093471938764;108.08093471938764
1003;36.50;17.50;True;False;False;False;60;61.50;21.50;False;False;True;False;1;80.86804556962306;0;80.86804556962306;80.86804556962306
1003;36.50;17.50;True;False;False;False;734;31.50;11.50;True;False;False;False;1;15.010461764140928;0;15.010461764140928;15.010461764140928
1004;37.50;17.50;True;False;False;False;28;61.50;9.50;False;False;True;False;1;98.47417106655485;0;98.47417106655485;98.47417106655485
1004;37.50;17.50;True;False;False;False;44;61.50;15.50;False;False;True;False;5;105.98711196363547;505.52506348068806;86.75675352967119;144.05954143057897
1004;37.50;17.50;True;False;False;False;60;61.50;21.50;False;False;True;False;4;91.55709692752131;584.9577382012106;68.46517480388502;125.16772262576706
1004;37.50;17.50;True;False;False;False;108;0.50;18.50;False;True;False;False;1;620.7660468947743;0;620.7660468947743;620.7660468947743
1004;37.50;17.50;True;False;False;False;708;49.50;10.50;True;False;False;False;1;19.241017319700404;0;19.241017319700404;19.241017319700404
1004;37.50;17.50;True;False;False;False;734;31.50;11.50;True;False;False;False;1;32.13666666666177;0;32.13666666666177;32.13666666666177
1004;37.50;17.50;True;False;False;False;820;29.50;13.50;True;False;False;False;1;15.255090596670925;0;15.255090596670925;15.255090596670925
1004;37.50;17.50;True;False;False;False;821;30.50;13.50;True;False;False;False;3;14.250553425721591;0.11275584289469111;13.920649346964638;14.59193765323289
1004;37.50;17.50;True;False;False;False;975;52.50;16.50;True;False;False;False;1;19.34521820673399;0;19.34521820673399;19.34521820673399
1004;37.50;17.50;True;False;False;False;993;26.50;17.50;True;False;False;False;1;10.973712497163433;0;10.973712497163433;10.973712497163433
1004;37.50;17.50;True;False;False;False;1066;11.50;19.50;True;False;False;False;1;25.638148945236026;0;25.638148945236026;25.638148945236026
1004;37.50;17.50;True;False;False;False;1239;52.50;22.50;True;False;False;False;1;21.07452704474781;0;21.07452704474781;21.07452704474781
1004;37.50;17.50;True;False;False;False;1361;42.50;25.50;True;False;False;False;1;17;0;17;17
1006;39.50;17.50;True;False;False;False;28;61.50;9.50;False;False;True;False;8;106.32877301898759;666.1003005538208;62.82627952553594;150.045291761895
1006;39.50;17.50;True;False;False;False;44;61.50;15.50;False;False;True;False;8;113.2645202476876;1543.4028122422508;31.454447639179833;163.64078310112382
1006;39.50;17.50;True;False;False;False;60;61.50;21.50;False;False;True;False;5;120.4840777604204;1463.4885862429264;86.36852091614855;183.23343112291332
1006;39.50;17.50;True;False;False;False;108;0.50;18.50;False;True;False;False;1;552.9040884662063;0;552.9040884662063;552.9040884662063
1006;39.50;17.50;True;False;False;False;290;27.50;1.50;True;False;False;False;1;26.624444444445544;0;26.624444444445544;26.624444444445544
1006;39.50;17.50;True;False;False;False;548;21.50;7.50;True;False;False;False;1;27.27991659624604;0;27.27991659624604;27.27991659624604
1006;39.50;17.50;True;False;False;False;733;30.50;11.50;True;False;False;False;3;17.35169632993954;0.018842826504233176;17.20136610501868;17.470375165645237
1006;39.50;17.50;True;False;False;False;734;31.50;11.50;True;False;False;False;2;21.791060217205086;50.73501307201531;16.75444364096984;26.827676793440332
1006;39.50;17.50;True;False;False;False;821;30.50;13.50;True;False;False;False;2;23.261427595000896;1.0157368429542533;22.548778718290123;23.97407647171167
1006;39.50;17.50;True;False;False;False;822;31.50;13.50;True;False;False;False;4;16.07740873939838;0.018455220358021177;15.894444444442343;16.183803613832424
1006;39.50;17.50;True;False;False;False;864;29.50;14.50;True;False;False;False;1;15.651366104981207;0;15.651366104981207;15.651366104981207
1006;39.50;17.50;True;False;False;False;967;44.50;16.50;True;False;False;False;1;10.364910206779314;0;10.364910206779314;10.364910206779314
1006;39.50;17.50;True;False;False;False;997;30.50;17.50;True;False;False;False;1;9.650003194747114;0;9.650003194747114;9.650003194747114
1006;39.50;17.50;True;False;False;False;1019;52.50;17.50;True;False;False;False;1;12.47527817950322;0;12.47527817950322;12.47527817950322
1006;39.50;17.50;True;False;False;False;1102;47.50;19.50;True;False;False;False;1;13.122871569190465;0;13.122871569190465;13.122871569190465
1006;39.50;17.50;True;False;False;False;1148;49.50;20.50;True;False;False;False;1;15.931486276756914;0;15.931486276756914;15.931486276756914
1006;39.50;17.50;True;False;False;False;1219;32.50;22.50;True;False;False;False;1;17.239596866121246;0;17.239596866121246;17.239596866121246
1006;39.50;17.50;True;False;False;False;1222;35.50;22.50;True;False;False;False;1;14.27448866991108;0;14.27448866991108;14.27448866991108
1007;40.50;17.50;True;False;False;False;12;61.50;3.50;False;False;True;False;1;127.3159158541057;0;127.3159158541057;127.3159158541057
1007;40.50;17.50;True;False;False;False;44;61.50;15.50;False;False;True;False;4;83.58842712474689;547.2283639124063;52.07609911659529;103.92509539830644
1007;40.50;17.50;True;False;False;False;60;61.50;21.50;False;False;True;False;2;101.29327124834253;169.44523291730104;92.08878231855124;110.49776017813383
1007;40.50;17.50;True;False;False;False;76;0.50;6.50;False;True;False;False;1;554.0618973878954;0;554.0618973878954;554.0618973878954
1007;40.50;17.50;True;False;False;False;92;0.50;12.50;False;True;False;False;1;272.70519077756035;0;272.70519077756035;272.70519077756035
1007;40.50;17.50;True;False;False;False;747;44.50;11.50;True;False;False;False;1;14.158785513268413;0;14.158785513268413;14.158785513268413
1007;40.50;17.50;True;False;False;False;748;45.50;11.50;True;False;False;False;1;17.65740580685997;0;17.65740580685997;17.65740580685997
1007;40.50;17.50;True;False;False;False;802;11.50;13.50;True;False;False;False;1;29.014060498055187;0;29.014060498055187;29.014060498055187
1007;40.50;17.50;True;False;False;False;820;29.50;13.50;True;False;False;False;1;25.01639248535139;0;25.01639248535139;25.01639248535139
1007;40.50;17.50;True;False;False;False;821;30.50;13.50;True;False;False;False;2;20.06287995774619;1.1103045150809978;19.317794554895954;20.807965360596427
1007;40.50;17.50;True;False;False;False;970;47.50;16.50;True;False;False;False;1;11.720717080177565;0;11.720717080177565;11.720717080177565
1007;40.50;17.50;True;False;False;False;1017;50.50;17.50;True;False;False;False;1;10.75055155737573;0;10.75055155737573;10.75055155737573
1007;40.50;17.50;True;False;False;False;1071;16.50;19.50;True;False;False;False;1;25.91093072120384;0;25.91093072120384;25.91093072120384
1008;41.50;17.50;True;False;False;False;44;61.50;15.50;False;False;True;False;3;133.09234754525414;3825.7657065903286;86.83805915201447;203.3487959009276
1008;41.50;17.50;True;False;False;False;60;61.50;21.50;False;False;True;False;2;68.66723753425686;626.0394404047585;50.97487420421021;86.3596008643035
1008;41.50;17.50;True;False;False;False;724;21.50;11.50;True;False;False;False;1;29.259154289462458;0;29.259154289462458;29.259154289462458
1008;41.50;17.50;True;False;False;False;822;31.50;13.50;True;False;False;False;1;31.483139361052963;0;31.483139361052963;31.483139361052963
1008;41.50;17.50;True;False;False;False;831;40.50;13.50;True;False;False;False;1;13.543249929578451;0;13.543249929578451;13.543249929578451
1008;41.50;17.50;True;False;False;False;1007;40.50;17.50;True;False;False;False;1;4.421200904333091;0;4.421200904333091;4.421200904333091
1008;41.50;17.50;True;False;False;False;1096;41.50;19.50;True;False;False;False;1;4.692885151562223;0;4.692885151562223;4.692885151562223
1009;42.50;17.50;True;False;False;False;12;61.50;3.50;False;False;True;False;1;86.81925686161958;0;86.81925686161958;86.81925686161958
1009;42.50;17.50;True;False;False;False;28;61.50;9.50;False;False;True;False;2;134.52766279979505;2877.4649833845083;96.59703544283911;172.458290156751
1009;42.50;17.50;True;False;False;False;44;61.50;15.50;False;False;True;False;7;99.60501355685392;449.359998339632;72.47960677251103;137.69639328878839
1009;42.50;17.50;True;False;False;False;60;61.50;21.50;False;False;True;False;5;91.78459227247993;1060.9155401424898;62.433982680303416;145.31017159008059
1009;42.50;17.50;True;False;False;False;76;0.50;6.50;False;True;False;False;2;552.1452805751132;263.82548227971927;540.659953364282;563.6306077859444
1009;42.50;17.50;True;False;False;False;108;0.50;18.50;False;True;False;False;1;546.381500397998;0;546.381500397998;546.381500397998
1009;42.50;17.50;True;False;False;False;315;52.50;1.50;True;False;False;False;1;25.17590994589409;0;25.17590994589409;25.17590994589409
1009;42.50;17.50;True;False;False;False;488;49.50;5.50;True;False;False;False;1;20.061476692561882;0;20.061476692561882;20.061476692561882
1009;42.50;17.50;True;False;False;False;733;30.50;11.50;True;False;False;False;1;19.25332933514437;0;19.25332933514437;19.25332933514437
1009;42.50;17.50;True;False;False;False;734;31.50;11.50;True;False;False;False;1;37.69314894522904;0;37.69314894522904;37.69314894522904
1009;42.50;17.50;True;False;False;False;743;40.50;11.50;True;False;False;False;1;11.81138929061126;0;11.81138929061126;11.81138929061126
1009;42.50;17.50;True;False;False;False;802;11.50;13.50;True;False;False;False;1;30.479076471716326;0;30.479076471716326;30.479076471716326
1009;42.50;17.50;True;False;False;False;821;30.50;13.50;True;False;False;False;2;20.70987901530225;23.076332696946988;17.31309136393611;24.10666666666839
1009;42.50;17.50;True;False;False;False;822;31.50;13.50;True;False;False;False;3;21.667553975449966;20.037467139375686;16.546847056568367;24.837200162210138
1009;42.50;17.50;True;False;False;False;823;32.50;13.50;True;False;False;False;3;17.67388817354693;7.896545641194695;15.97073914019711;20.917325597841
1009;42.50;17.50;True;False;False;False;864;29.50;14.50;True;False;False;False;2;17.395414868440184;0.09113617291673491;17.18194804090399;17.60888169597638
1009;42.50;17.50;True;False;False;False;1233;46.50;22.50;True;False;False;False;1;15.536111111112405;0;15.536111111112405;15.536111111112405
1009;42.50;17.50;True;False;False;False;1283;52.50;23.50;True;False;False;False;1;17.396955233822155;0;17.396955233822155;17.396955233822155
1011;44.50;17.50;True;False;False;False;12;61.50;3.50;False;False;True;False;1;135.91220915969825;0;135.91220915969825;135.91220915969825
1011;44.50;17.50;True;False;False;False;28;61.50;9.50;False;False;True;False;2;122.58291886662028;2691.9521944484477;85.89537197091977;159.27046576232078
1011;44.50;17.50;True;False;False;False;44;61.50;15.50;False;False;True;False;10;93.70189902328259;1138.0937239684083;61.833333333324845;181.73518119335654
1011;44.50;17.50;True;False;False;False;60;61.50;21.50;False;False;True;False;4;99.51706667667167;1695.7415470591325;41.766666666662786;137.7878843481194
1011;44.50;17.50;True;False;False;False;432;37.50;4.50;True;False;False;False;1;21.730180389900852;0;21.730180389900852;21.730180389900852
1011;44.50;17.50;True;False;False;False;820;29.50;13.50;True;False;False;False;2;20.392886385254315;0.07280583635099327;20.202090897426388;20.58368187308224
1011;44.50;17.50;True;False;False;False;821;30.50;13.50;True;False;False;False;1;20.617403415579247;0;20.617403415579247;20.617403415579247
1011;44.50;17.50;True;False;False;False;822;31.50;13.50;True;False;False;False;2;18.852406208585762;0.022090921875552012;18.747308820712533;18.95750359645899
1011;44.50;17.50;True;False;False;False;864;29.50;14.50;True;False;False;False;2;19.22295856940491;0.02615525010178887;19.108601125174573;19.337316013635245
1011;44.50;17.50;True;False;False;False;953;30.50;16.50;True;False;False;False;1;17.087014903816453;0;17.087014903816453;17.087014903816453
1011;44.50;17.50;True;False;False;False;975;52.50;16.50;True;False;False;False;1;12.222222222218988;0;12.222222222218988;12.222222222218988
1011;44.50;17.50;True;False;False;False;1146;47.50;20.50;True;False;False;False;1;10.559906208589382;0;10.559906208589382;10.559906208589382
1011;44.50;17.50;True;False;False;False;1148;49.50;20.50;True;False;False;False;1;12.11259019494537;0;12.11259019494537;12.11259019494537
1011;44.50;17.50;True;False;False;False;1151;52.50;20.50;True;False;False;False;1;14.41501358239293;0;14.41501358239293;14.41501358239293
1011;44.50;17.50;True;False;False;False;1206;19.50;22.50;True;False;False;False;1;38.189822001371795;0;38.189822001371795;38.189822001371795
1011;44.50;17.50;True;False;False;False;1277;46.50;23.50;True;False;False;False;1;13.000367169279798;0;13.000367169279798;13.000367169279798
1011;44.50;17.50;True;False;False;False;1281;50.50;23.50;True;False;False;False;1;15.507329596030104;0;15.507329596030104;15.507329596030104
1011;44.50;17.50;True;False;False;False;1335;16.50;25.50;True;False;False;False;1;31.163704500791937;0;31.163704500791937;31.163704500791937
1012;45.50;17.50;True;False;False;False;12;61.50;3.50;False;False;True;False;2;181.32745750420395;14913.90726004704;94.97380309384607;267.6811119145618
1012;45.50;17.50;True;False;False;False;28;61.50;9.50;False;False;True;False;2;96.1595775369126;1.8409041981088676;95.20017558827249;97.1189794855527
1012;45.50;17.50;True;False;False;False;44;61.50;15.50;False;False;True;False;12;109.93927667130333;696.2308126634952;77.52101012676576;172.91621050759204
1012;45.50;17.50;True;False;False;False;60;61.50;21.50;False;False;True;False;2;104.47675766506143;1780.8835930546059;74.63648627676298;134.31702905335987
1012;45.50;17.50;True;False;False;False;108;0.50;18.50;False;True;False;False;1;592.6758480718399;0;592.6758480718399;592.6758480718399
1012;45.50;17.50;True;False;False;False;298;35.50;1.50;True;False;False;False;1;24.468416737086955;0;24.468416737086955;24.468416737086955
1012;45.50;17.50;True;False;False;False;749;46.50;11.50;True;False;False;False;2;19.35829921656989;152.44742422223752;10.627679988180716;28.088918444959063
1012;45.50;17.50;True;False;False;False;821;30.50;13.50;True;False;False;False;3;23.29521751390439;25.43892076597242;20.221193711426167;29.116118304029442
1012;45.50;17.50;True;False;False;False;822;31.50;13.50;True;False;False;False;2;19.497224221309807;0.04578137974636026;19.34592752645767;19.648520916161942
1012;45.50;17.50;True;False;False;False;843;52.50;13.50;True;False;False;False;1;14.82796536060414;0;14.82796536060414;14.82796536060414
1012;45.50;17.50;True;False;False;False;867;32.50;14.50;True;False;False;False;1;17.777128430809626;0;17.777128430809626;17.777128430809626
1012;45.50;17.50;True;False;False;False;884;49.50;14.50;True;False;False;False;1;12.01880096709283;0;12.01880096709283;12.01880096709283
1012;45.50;17.50;True;False;False;False;887;52.50;14.50;True;False;False;False;1;12.970016777084311;0;12.970016777084311;12.970016777084311
1012;45.50;17.50;True;False;False;False;967;44.50;16.50;True;False;False;False;1;6.687263233969134;0;6.687263233969134;6.687263233969134
1012;45.50;17.50;True;False;False;False;987;20.50;17.50;True;False;False;False;2;21.218401013821676;0.04211771764944931;21.073284306221467;21.363517721421886
1012;45.50;17.50;True;False;False;False;1013;46.50;17.50;True;False;False;False;1;3.9527103666987387;0;3.9527103666987387;3.9527103666987387
1012;45.50;17.50;True;False;False;False;1019;52.50;17.50;True;False;False;False;1;8.150928329918315;0;8.150928329918315;8.150928329918315
1012;45.50;17.50;True;False;False;False;1131;32.50;20.50;True;False;False;False;1;18.1850937914096;0;18.1850937914096;18.1850937914096
1012;45.50;17.50;True;False;False;False;1361;42.50;25.50;True;False;False;False;1;14.636021317881386;0;14.636021317881386;14.636021317881386
1013;46.50;17.50;True;False;False;False;12;61.50;3.50;False;False;True;False;3;107.37995781924867;663.656280596423;84.44552119782838;135.25342473346245
1013;46.50;17.50;True;False;False;False;28;61.50;9.50;False;False;True;False;1;129.3808971478884;0;129.3808971478884;129.3808971478884
1013;46.50;17.50;True;False;False;False;44;61.50;15.50;False;False;True;False;5;86.50002878881864;175.713830339624;68.91176126152959;99.7583109511761
1013;46.50;17.50;True;False;False;False;60;61.50;21.50;False;False;True;False;3;121.76813002565298;374.5071176935737;100.89945324428663;139.12206845822584
1013;46.50;17.50;True;False;False;False;108;0.50;18.50;False;True;False;False;2;564.7218833046936;636.9273445397746;546.8763328152891;582.5674337940982
1013;46.50;17.50;True;False;False;False;124;0.50;24.50;False;True;False;False;1;594.5608577050534;0;594.5608577050534;594.5608577050534
1013;46.50;17.50;True;False;False;False;709;50.50;10.50;True;False;False;False;1;14.695312281794031;0;14.695312281794031;14.695312281794031
1013;46.50;17.50;True;False;False;False;820;29.50;13.50;True;False;False;False;1;22.048333333328628;0;22.048333333328628;22.048333333328628
1013;46.50;17.50;True;False;False;False;821;30.50;13.50;True;False;False;False;4;23.605444575788624;29.026290897129474;20.283423126556954;31.65611030766013
1013;46.50;17.50;True;False;False;False;822;31.50;13.50;True;False;False;False;1;20.041010126766196;0;20.041010126766196;20.041010126766196
1013;46.50;17.50;True;False;False;False;823;32.50;13.50;True;False;False;False;1;18.974170263129054;0;18.974170263129054;18.974170263129054
1013;46.50;17.50;True;False;False;False;864;29.50;14.50;True;False;False;False;1;35.83305037126138;0;35.83305037126138;35.83305037126138
1013;46.50;17.50;True;False;False;False;865;30.50;14.50;True;False;False;False;1;20.28379829221285;0;20.28379829221285;20.28379829221285
1013;46.50;17.50;True;False;False;False;968;45.50;16.50;True;False;False;False;1;6.742218224036151;0;6.742218224036151;6.742218224036151
1013;46.50;17.50;True;False;False;False;1009;42.50;17.50;True;False;False;False;1;6.954357845953382;0;6.954357845953382;6.954357845953382
1013;46.50;17.50;True;False;False;False;1019;52.50;17.50;True;False;False;False;1;17.83925447034744;0;17.83925447034744;17.83925447034744
1013;46.50;17.50;True;False;False;False;1118;19.50;20.50;True;False;False;False;1;27.53027978642058;0;27.53027978642058;27.53027978642058
1013;46.50;17.50;True;False;False;False;1277;46.50;23.50;True;False;False;False;1;8.64379509747232;0;8.64379509747232;8.64379509747232
1014;47.50;17.50;True;False;False;False;12;61.50;3.50;False;False;True;False;1;96.61937223177301;0;96.61937223177301;96.61937223177301
1014;47.50;17.50;True;False;False;False;28;61.50;9.50;False;False;True;False;7;96.66967542781173;595.9618915827422;66.04110791635685;137.7606533451526
1014;47.50;17.50;True;False;False;False;44;61.50;15.50;False;False;True;False;9;93.42734882021506;1407.5296378840158;54.5670908974389;175.87252783089707
1014;47.50;17.50;True;False;False;False;60;61.50;21.50;False;False;True;False;5;96.36297878229888;631.5698008872173;70.91547215179799;131.28185903206304
1014;47.50;17.50;True;False;False;False;92;0.50;12.50;False;True;False;False;2;271.2203414601099;25.122876905952;267.676129495092;274.7645534251278
1014;47.50;17.50;True;False;False;False;108;0.50;18.50;False;True;False;False;1;581.7503551937807;0;581.7503551937807;581.7503551937807
1014;47.50;17.50;True;False;False;False;124;0.50;24.50;False;True;False;False;1;553.1190740804777;0;553.1190740804777;553.1190740804777
1014;47.50;17.50;True;False;False;False;304;41.50;1.50;True;False;False;False;1;22.28665947374793;0;22.28665947374793;22.28665947374793
1014;47.50;17.50;True;False;False;False;313;50.50;1.50;True;False;False;False;1;19.60815294343047;0;19.60815294343047;19.60815294343047
1014;47.50;17.50;True;False;False;False;354;47.50;2.50;True;False;False;False;1;20.933437512409;0;20.933437512409;20.933437512409
1014;47.50;17.50;True;False;False;False;449;10.50;5.50;True;False;False;False;1;47.12999999997555;0;47.12999999997555;47.12999999997555
1014;47.50;17.50;True;False;False;False;583;12.50;8.50;True;False;False;False;2;36.586157605089284;0.012755148032982605;36.50629789048617;36.6660173196924
1014;47.50;17.50;True;False;False;False;701;42.50;10.50;True;False;False;False;1;15.154618444877997;0;15.154618444877997;15.154618444877997
1014;47.50;17.50;True;False;False;False;734;31.50;11.50;True;False;False;False;2;28.17940114519388;22.89828301414859;24.795743138380203;31.563059152007554
1014;47.50;17.50;True;False;False;False;735;32.50;11.50;True;False;False;False;1;25.420092203579884;0;25.420092203579884;25.420092203579884
1014;47.50;17.50;True;False;False;False;755;52.50;11.50;True;False;False;False;1;15.504632027271327;0;15.504632027271327;15.504632027271327
1014;47.50;17.50;True;False;False;False;820;29.50;13.50;True;False;False;False;1;22.131847056565675;0;22.131847056565675;22.131847056565675
1014;47.50;17.50;True;False;False;False;821;30.50;13.50;True;False;False;False;3;21.299063853395637;0.23550842786142204;21.0110804490796;21.85935784595131
1014;47.50;17.50;True;False;False;False;822;31.50;13.50;True;False;False;False;5;20.551099339756547;0.17698643238964717;20.06262511058958;21.08501599268493
1014;47.50;17.50;True;False;False;False;865;30.50;14.50;True;False;False;False;1;26.262707436386336;0;26.262707436386336;26.262707436386336
1014;47.50;17.50;True;False;False;False;1018;51.50;17.50;True;False;False;False;1;6.911366908436321;0;6.911366908436321;6.911366908436321
1014;47.50;17.50;True;False;False;False;1234;47.50;22.50;True;False;False;False;1;11.876107916370529;0;11.876107916370529;11.876107916370529
1014;47.50;17.50;True;False;False;False;1278;47.50;23.50;True;False;False;False;1;13.082218243102034;0;13.082218243102034;13.082218243102034
1014;47.50;17.50;True;False;False;False;1331;12.50;25.50;True;False;False;False;1;36.15851452669085;0;36.15851452669085;36.15851452669085
1014;47.50;17.50;True;False;False;False;1365;46.50;25.50;True;False;False;False;1;12.825000000000728;0;12.825000000000728;12.825000000000728
1016;49.50;17.50;True;False;False;False;28;61.50;9.50;False;False;True;False;4;101.20686024676502;482.722940545483;71.50333333333037;119.83983080118196
1016;49.50;17.50;True;False;False;False;44;61.50;15.50;False;False;True;False;13;94.7783804781238;547.1642496748963;71.62241699796323;140.98898667848334
1016;49.50;17.50;True;False;False;False;60;61.50;21.50;False;False;True;False;8;91.5734635973642;650.1502473681057;70.25824273664966;149.85795657985045
1016;49.50;17.50;True;False;False;False;582;11.50;8.50;True;False;False;False;1;38.432613380577095;0;38.432613380577095;38.432613380577095
1016;49.50;17.50;True;False;False;False;733;30.50;11.50;True;False;False;False;1;24.01278497068779;0;24.01278497068779;24.01278497068779
1016;49.50;17.50;True;False;False;False;734;31.50;11.50;True;False;False;False;3;26.246576337803845;36.18048914821565;22.613888888889278;33.18963202726263
1016;49.50;17.50;True;False;False;False;820;29.50;13.50;True;False;False;False;4;35.28497395522936;65.38946712860582;25.095826542132272;42.274999999996
1016;49.50;17.50;True;False;False;False;821;30.50;13.50;True;False;False;False;2;26.132173729142323;7.819801732619381;24.154826803003743;28.109520655280903
1016;49.50;17.50;True;False;False;False;822;31.50;13.50;True;False;False;False;1;21.965375165653313;0;21.965375165653313;21.965375165653313
1016;49.50;17.50;True;False;False;False;864;29.50;14.50;True;False;False;False;1;22.937331987314792;0;22.937331987314792;22.937331987314792
1016;49.50;17.50;True;False;False;False;867;32.50;14.50;True;False;False;False;1;21.442774583043047;0;21.442774583043047;21.442774583043047
1016;49.50;17.50;True;False;False;False;1019;52.50;17.50;True;False;False;False;1;5.130367169278998;0;5.130367169278998;5.130367169278998
1016;49.50;17.50;True;False;False;False;1102;47.50;19.50;True;False;False;False;1;9.778884087314509;0;9.778884087314509;9.778884087314509
1016;49.50;17.50;True;False;False;False;1146;47.50;20.50;True;False;False;False;1;11.163795097476395;0;11.163795097476395;11.163795097476395
1016;49.50;17.50;True;False;False;False;1231;44.50;22.50;True;False;False;False;1;17.141291501015985;0;17.141291501015985;17.141291501015985
1016;49.50;17.50;True;False;False;False;1233;46.50;22.50;True;False;False;False;1;12.803423930010922;0;12.803423930010922;12.803423930010922
1016;49.50;17.50;True;False;False;False;1236;49.50;22.50;True;False;False;False;1;6.99574313838184;0;6.99574313838184;6.99574313838184
1016;49.50;17.50;True;False;False;False;1255;24.50;23.50;True;False;False;False;1;27.618982680291083;0;27.618982680291083;27.618982680291083
1016;49.50;17.50;True;False;False;False;1278;47.50;23.50;True;False;False;False;1;12.643253927757542;0;12.643253927757542;12.643253927757542
1016;49.50;17.50;True;False;False;False;1340;21.50;25.50;True;False;False;False;1;31.920019187453363;0;31.920019187453363;31.920019187453363
1016;49.50;17.50;True;False;False;False;1412;49.50;26.50;True;False;False;False;1;10.278055957278411;0;10.278055957278411;10.278055957278411
1016;49.50;17.50;True;False;False;False;1415;52.50;26.50;True;False;False;False;1;16.453427124746668;0;16.453427124746668;16.453427124746668
1017;50.50;17.50;True;False;False;False;28;61.50;9.50;False;False;True;False;4;93.46322535217337;361.07028281871845;77.88833333332695;120.89945163735865
1017;50.50;17.50;True;False;False;False;44;61.50;15.50;False;False;True;False;6;74.37070020471758;378.79041345136295;45.8686075146511;103.83593471938366
1017;50.50;17.50;True;False;False;False;60;61.50;21.50;False;False;True;False;11;96.57334913357214;317.76326127178856;61.351855052918836;124.57217156917613
1017;50.50;17.50;True;False;False;False;108;0.50;18.50;False;True;False;False;1;568.9238377350775;0;568.9238377350775;568.9238377350775
1017;50.50;17.50;True;False;False;False;483;44.50;5.50;True;False;False;False;1;19.642222222217242;0;19.642222222217242;19.642222222217242
1017;50.50;17.50;True;False;False;False;489;50.50;5.50;True;False;False;False;1;11.513333333339688;0;11.513333333339688;11.513333333339688
1017;50.50;17.50;True;False;False;False;571;44.50;7.50;True;False;False;False;1;17.710093791411055;0;17.710093791411055;17.710093791411055
1017;50.50;17.50;True;False;False;False;733;30.50;11.50;True;False;False;False;1;25.34287876211198;0;25.34287876211198;25.34287876211198
1017;50.50;17.50;True;False;False;False;734;31.50;11.50;True;False;False;False;1;32.03111191456264;0;32.03111191456264;32.03111191456264
1017;50.50;17.50;True;False;False;False;754;51.50;11.50;True;False;False;False;1;11.253146553957322;0;11.253146553957322;11.253146553957322
1017;50.50;17.50;True;False;False;False;755;52.50;11.50;True;False;False;False;1;11.770274181313653;0;11.770274181313653;11.770274181313653
1017;50.50;17.50;True;False;False;False;820;29.50;13.50;True;False;False;False;1;29.78880500384912;0;29.78880500384912;29.78880500384912
1017;50.50;17.50;True;False;False;False;821;30.50;13.50;True;False;False;False;2;27.9273567509872;31.230694970440748;23.975730821674006;31.878982680300396
1017;50.50;17.50;True;False;False;False;822;31.50;13.50;True;False;False;False;6;22.511615873705445;0.2999509461736186;21.81166347191902;23.403601125179193
1017;50.50;17.50;True;False;False;False;833;42.50;13.50;True;False;False;False;1;15.24574313838093;0;15.24574313838093;15.24574313838093
1017;50.50;17.50;True;False;False;False;970;47.50;16.50;True;False;False;False;1;8.68990859987207;0;8.68990859987207;8.68990859987207
1017;50.50;17.50;True;False;False;False;992;25.50;17.50;True;False;False;False;1;21.292780972515175;0;21.292780972515175;21.292780972515175
1017;50.50;17.50;True;False;False;False;1151;52.50;20.50;True;False;False;False;1;11.201028510797187;0;11.201028510797187;11.201028510797187
1017;50.50;17.50;True;False;False;False;1371;52.50;25.50;True;False;False;False;1;13.695103375612234;0;13.695103375612234;13.695103375612234
1017;50.50;17.50;True;False;False;False;1414;51.50;26.50;True;False;False;False;1;12.472222222218988;0;12.472222222218988;12.472222222218988
1018;51.50;17.50;True;False;False;False;12;61.50;3.50;False;False;True;False;2;100.16446855627328;2229.044840368153;66.78000480164519;133.54893231090136
1018;51.50;17.50;True;False;False;False;28;61.50;9.50;False;False;True;False;2;68.86118492111518;313.2726464784781;56.34574153147696;81.3766283107534
1018;51.50;17.50;True;False;False;False;44;61.50;15.50;False;False;True;False;1;123.43492378915107;0;123.43492378915107;123.43492378915107
1018;51.50;17.50;True;False;False;False;60;61.50;21.50;False;False;True;False;11;79.19826904166901;284.4529628690557;43.746685854071984;101.14176445626595
1018;51.50;17.50;True;False;False;False;92;0.50;12.50;False;True;False;False;1;244.82796616404084;0;244.82796616404084;244.82796616404084
1018;51.50;17.50;True;False;False;False;455;16.50;5.50;True;False;False;False;1;39.1122230256733;0;39.1122230256733;39.1122230256733
1018;51.50;17.50;True;False;False;False;688;29.50;10.50;True;False;False;False;1;26.317808497049555;0;26.317808497049555;26.317808497049555
1018;51.50;17.50;True;False;False;False;735;32.50;11.50;True;False;False;False;1;34.100736748911004;0;34.100736748911004;34.100736748911004
1018;51.50;17.50;True;False;False;False;753;50.50;11.50;True;False;False;False;1;11.012962165856152;0;11.012962165856152;11.012962165856152
1018;51.50;17.50;True;False;False;False;820;29.50;13.50;True;False;False;False;1;36.68695762511152;0;36.68695762511152;36.68695762511152
1018;51.50;17.50;True;False;False;False;821;30.50;13.50;True;False;False;False;1;25.043152943424502;0;25.043152943424502;25.043152943424502
1018;51.50;17.50;True;False;False;False;822;31.50;13.50;True;False;False;False;2;24.971390486257405;3.5951736051595558;23.63064934696922;26.31213162554559
1018;51.50;17.50;True;False;False;False;840;49.50;13.50;True;False;False;False;1;10.331666666666933;0;10.331666666666933;10.331666666666933
1018;51.50;17.50;True;False;False;False;843;52.50;13.50;True;False;False;False;1;10.19694084798175;0;10.19694084798175;10.19694084798175
1018;51.50;17.50;True;False;False;False;879;44.50;14.50;True;False;False;False;1;14.147871569188737;0;14.147871569188737;14.147871569188737
1018;51.50;17.50;True;False;False;False;1146;47.50;20.50;True;False;False;False;1;11.849725818678053;0;11.849725818678053;11.849725818678053
1018;51.50;17.50;True;False;False;False;1148;49.50;20.50;True;False;False;False;1;10.766100723451927;0;10.766100723451927;10.766100723451927
1018;51.50;17.50;True;False;False;False;1366;47.50;25.50;True;False;False;False;1;15.565202791092815;0;15.565202791092815;15.565202791092815
1018;51.50;17.50;True;False;False;False;1371;52.50;25.50;True;False;False;False;1;23.803148945245994;0;23.803148945245994;23.803148945245994
1018;51.50;17.50;True;False;False;False;1407;44.50;26.50;True;False;False;False;1;18.897594193134864;0;18.897594193134864;18.897594193134864
1018;51.50;17.50;True;False;False;False;1414;51.50;26.50;True;False;False;False;1;9.850555555556639;0;9.850555555556639;9.850555555556639
1019;52.50;17.50;True;False;False;False;12;61.50;3.50;False;False;True;False;2;87.6625448966497;5029.350059993129;37.51600932342626;137.80908046987315
1019;52.50;17.50;True;False;False;False;28;61.50;9.50;False;False;True;False;3;86.53818341013364;87.14442357180012;75.83371649534274;92.98823954192153
1019;52.50;17.50;True;False;False;False;44;61.50;15.50;False;False;True;False;12;88.85387350119609;280.5152247958886;68.16852810908313;124.16486942166011
1019;52.50;17.50;True;False;False;False;60;61.50;21.50;False;False;True;False;7;103.77558925315114;469.46568183369027;68.43250359646208;135.25999760870764
1019;52.50;17.50;True;False;False;False;76;0.50;6.50;False;True;False;False;2;571.6771853219561;2442.3363106089523;536.7319688352254;606.6224018086868
1019;52.50;17.50;True;False;False;False;92;0.50;12.50;False;True;False;False;1;264.65379592000136;0;264.65379592000136;264.65379592000136
1019;52.50;17.50;True;False;False;False;108;0.50;18.50;False;True;False;False;2;577.7112557963844;2590.3816052717116;541.7224964035427;613.7000151892262
1019;52.50;17.50;True;False;False;False;124;0.50;24.50;False;True;False;False;1;541.2875227839631;0;541.2875227839631;541.2875227839631
1019;52.50;17.50;True;False;False;False;312;49.50;1.50;True;False;False;False;1;41.05750120517587;0;41.05750120517587;41.05750120517587
1019;52.50;17.50;True;False;False;False;332;25.50;2.50;True;False;False;False;1;35.35593072120446;0;35.35593072120446;35.35593072120446
1019;52.50;17.50;True;False;False;False;356;49.50;2.50;True;False;False;False;1;18.752913942267696;0;18.752913942267696;18.752913942267696
1019;52.50;17.50;True;False;False;False;461;22.50;5.50;True;False;False;False;1;35.31297974644622;0;35.31297974644622;35.31297974644622
1019;52.50;17.50;True;False;False;False;491;52.50;5.50;True;False;False;False;1;11.626298693936405;0;11.626298693936405;11.626298693936405
1019;52.50;17.50;True;False;False;False;618;47.50;8.50;True;False;False;False;1;16.99768237946273;0;16.99768237946273;16.99768237946273
1019;52.50;17.50;True;False;False;False;705;46.50;10.50;True;False;False;False;1;15.947248886061061;0;15.947248886061061;15.947248886061061
1019;52.50;17.50;True;False;False;False;733;30.50;11.50;True;False;False;False;2;33.47029256529095;1.1566163511935648;32.70982680301313;34.230758327568765
1019;52.50;17.50;True;False;False;False;734;31.50;11.50;True;False;False;False;1;47.856951235626184;0;47.856951235626184;47.856951235626184
1019;52.50;17.50;True;False;False;False;820;29.50;13.50;True;False;False;False;2;30.71283892716292;63.77090759126111;25.066118304037445;36.359559550288395
1019;52.50;17.50;True;False;False;False;821;30.50;13.50;True;False;False;False;5;31.781964082707965;256.2079465632453;24.298982680302288;60.41028137423746
1019;52.50;17.50;True;False;False;False;822;31.50;13.50;True;False;False;False;4;23.571437979776874;0.08514562111939154;23.31591953010502;23.868152139968515
1019;52.50;17.50;True;False;False;False;843;52.50;13.50;True;False;False;False;1;6.505927526472078;0;6.505927526472078;6.505927526472078
1019;52.50;17.50;True;False;False;False;982;15.50;17.50;True;False;False;False;1;29.240830540316892;0;29.240830540316892;29.240830540316892
1019;52.50;17.50;True;False;False;False;1097;42.50;19.50;True;False;False;False;1;15.447128430811063;0;15.447128430811063;15.447128430811063
1019;52.50;17.50;True;False;False;False;1100;45.50;19.50;True;False;False;False;1;13.873448164418733;0;13.873448164418733;13.873448164418733
1019;52.50;17.50;True;False;False;False;1107;52.50;19.50;True;False;False;False;1;4.126854249489043;0;4.126854249489043;4.126854249489043
1019;52.50;17.50;True;False;False;False;1229;42.50;22.50;True;False;False;False;1;17.002777777779556;0;17.002777777779556;17.002777777779556
1019;52.50;17.50;True;False;False;False;1276;45.50;23.50;True;False;False;False;1;15.551578744867584;0;15.551578744867584;15.551578744867584
1019;52.50;17.50;True;False;False;False;1282;51.50;23.50;True;False;False;False;1;10.956537695104998;0;10.956537695104998;10.956537695104998
1019;52.50;17.50;True;False;False;False;1415;52.50;26.50;True;False;False;False;1;10.183144162627286;0;10.183144162627286;10.183144162627286
1065;10.50;19.50;True;False;False;False;44;61.50;15.50;False;False;True;False;1;155.1695398427505;0;155.1695398427505;155.1695398427505
1065;10.50;19.50;True;False;False;False;313;50.50;1.50;True;False;False;False;1;46.655184388089765;0;46.655184388089765;46.655184388089765
1066;11.50;19.50;True;False;False;False;12;61.50;3.50;False;False;True;False;1;66.22342712474801;0;66.22342712474801;66.22342712474801
1066;11.50;19.50;True;False;False;False;60;61.50;21.50;False;False;True;False;2;82.43272090572009;331.7211457841227;69.55403413679596;95.31140767464422
1066;11.50;19.50;True;False;False;False;292;29.50;1.50;True;False;False;False;1;31.02536477799822;0;31.02536477799822;31.02536477799822
1066;11.50;19.50;True;False;False;False;414;19.50;4.50;True;False;False;False;1;22.542269680532627;0;22.542269680532627;22.542269680532627
1066;11.50;19.50;True;False;False;False;474;35.50;5.50;True;False;False;False;1;32.29870530425069;0;32.29870530425069;32.29870530425069
1066;11.50;19.50;True;False;False;False;969;46.50;16.50;True;False;False;False;1;33.954821216998766;0;33.954821216998766;33.954821216998766
1067;12.50;19.50;True;False;False;False;28;61.50;9.50;False;False;True;False;1;145.1822765707766;0;145.1822765707766;145.1822765707766
1067;12.50;19.50;True;False;False;False;60;61.50;21.50;False;False;True;False;1;63.09471223629225;0;63.09471223629225;63.09471223629225
1067;12.50;19.50;True;False;False;False;479;40.50;5.50;True;False;False;False;1;34.88417026312163;0;34.88417026312163;34.88417026312163
1067;12.50;19.50;True;False;False;False;983;16.50;17.50;True;False;False;False;1;12.389632027269954;0;12.389632027269954;12.389632027269954
1067;12.50;19.50;True;False;False;False;1100;45.50;19.50;True;False;False;False;1;26.49574313838093;0;26.49574313838093;26.49574313838093
1070;15.50;19.50;True;False;False;False;44;61.50;15.50;False;False;True;False;1;68.44572716470793;0;68.44572716470793;68.44572716470793
1070;15.50;19.50;True;False;False;False;735;32.50;11.50;True;False;False;False;1;43.70629869391996;0;43.70629869391996;43.70629869391996
1071;16.50;19.50;True;False;False;False;44;61.50;15.50;False;False;True;False;1;81.68713642718012;0;81.68713642718012;81.68713642718012
1071;16.50;19.50;True;False;False;False;60;61.50;21.50;False;False;True;False;2;85.08782693707963;347.61753632647105;71.9041715955882;98.27148227857106
1071;16.50;19.50;True;False;False;False;566;39.50;7.50;True;False;False;False;1;31.05156968051415;0;31.05156968051415;31.05156968051415
1071;16.50;19.50;True;False;False;False;755;52.50;11.50;True;False;False;False;1;38.628486558454824;0;38.628486558454824;38.628486558454824
1071;16.50;19.50;True;False;False;False;1369;50.50;25.50;True;False;False;False;1;33.83297255352409;0;33.83297255352409;33.83297255352409
1074;19.50;19.50;True;False;False;False;12;61.50;3.50;False;False;True;False;1;94.4116235282927;0;94.4116235282927;94.4116235282927
1074;19.50;19.50;True;False;False;False;28;61.50;9.50;False;False;True;False;2;73.18983092386543;355.6454800034715;59.85481161372809;86.52485023400277
1074;19.50;19.50;True;False;False;False;44;61.50;15.50;False;False;True;False;1;77.78100693204124;0;77.78100693204124;77.78100693204124
1074;19.50;19.50;True;False;False;False;563;36.50;7.50;True;False;False;False;1;26.995093791412728;0;26.995093791412728;26.995093791412728
1074;19.50;19.50;True;False;False;False;837;46.50;13.50;True;False;False;False;1;28.992301627798952;0;28.992301627798952;28.992301627798952
1074;19.50;19.50;True;False;False;False;1019;52.50;17.50;True;False;False;False;1;42.14707245622549;0;42.14707245622549;42.14707245622549
1074;19.50;19.50;True;False;False;False;1231;44.50;22.50;True;False;False;False;1;26.149257665045297;0;26.149257665045297;26.149257665045297
1075;20.50;19.50;True;False;False;False;44;61.50;15.50;False;False;True;False;1;67.84333972277454;0;67.84333972277454;67.84333972277454
1075;20.50;19.50;True;False;False;False;312;49.50;1.50;True;False;False;False;1;39.203062346743536;0;39.203062346743536;39.203062346743536
1076;21.50;19.50;True;False;False;False;28;61.50;9.50;False;False;True;False;1;106.43713562372068;0;106.43713562372068;106.43713562372068
1076;21.50;19.50;True;False;False;False;60;61.50;21.50;False;False;True;False;1;87.55986276760086;0;87.55986276760086;87.55986276760086
1076;21.50;19.50;True;False;False;False;749;46.50;11.50;True;False;False;False;1;28.89222622039597;0;28.89222622039597;28.89222622039597
1076;21.50;19.50;True;False;False;False;1101;46.50;19.50;True;False;False;False;1;20.32438047366668;0;20.32438047366668;20.32438047366668
1077;22.50;19.50;True;False;False;False;12;61.50;3.50;False;False;True;False;1;85.8906589311373;0;85.8906589311373;85.8906589311373
1077;22.50;19.50;True;False;False;False;44;61.50;15.50;False;False;True;False;1;93.84888569414397;0;93.84888569414397;93.84888569414397
1077;22.50;19.50;True;False;False;False;60;61.50;21.50;False;False;True;False;2;161.4329705544369;1762.3447119928514;131.74842312658438;191.11751798228943
1077;22.50;19.50;True;False;False;False;571;44.50;7.50;True;False;False;False;1;30.16611111110751;0;30.16611111110751;30.16611111110751
1077;22.50;19.50;True;False;False;False;1013;46.50;17.50;True;False;False;False;1;25.53962883252825;0;25.53962883252825;25.53962883252825
1077;22.50;19.50;True;False;False;False;1213;26.50;22.50;True;False;False;False;1;11.200458569404873;0;11.200458569404873;11.200458569404873
1077;22.50;19.50;True;False;False;False;1273;42.50;23.50;True;False;False;False;1;22.86073994364415;0;22.86073994364415;22.86073994364415
1080;25.50;19.50;True;False;False;False;12;61.50;3.50;False;False;True;False;2;117.94194485565822;75.3171792266521;111.80528537241116;124.07860433890528
1080;25.50;19.50;True;False;False;False;28;61.50;9.50;False;False;True;False;1;61.81018758282153;0;61.81018758282153;61.81018758282153
1080;25.50;19.50;True;False;False;False;44;61.50;15.50;False;False;True;False;2;110.3574718900552;773.0354535349258;90.69741780143522;130.01752597867517
1080;25.50;19.50;True;False;False;False;60;61.50;21.50;False;False;True;False;1;118.64731868838498;0;118.64731868838498;118.64731868838498
1080;25.50;19.50;True;False;False;False;556;29.50;7.50;True;False;False;False;1;18.440836929794386;0;18.440836929794386;18.440836929794386
1080;25.50;19.50;True;False;False;False;574;47.50;7.50;True;False;False;False;1;29.39717397964705;0;29.39717397964705;29.39717397964705
1080;25.50;19.50;True;False;False;False;745;42.50;11.50;True;False;False;False;1;23.46870130606112;0;23.46870130606112;23.46870130606112
1080;25.50;19.50;True;False;False;False;1102;47.50;19.50;True;False;False;False;1;18.24417026312949;0;18.24417026312949;18.24417026312949
1080;25.50;19.50;True;False;False;False;1136;37.50;20.50;True;False;False;False;1;14.863980289010215;0;14.863980289010215;14.863980289010215
1081;26.50;19.50;True;False;False;False;28;61.50;9.50;False;False;True;False;1;132.36769997904048;0;132.36769997904048;132.36769997904048
1084;29.50;19.50;True;False;False;False;60;61.50;21.50;False;False;True;False;1;81.71444844262851;0;81.71444844262851;81.71444844262851
1085;30.50;19.50;True;False;False;False;44;61.50;15.50;False;False;True;False;1;84.3148156119114;0;84.3148156119114;84.3148156119114
1086;31.50;19.50;True;False;False;False;44;61.50;15.50;False;False;True;False;1;112.24295175914403;0;112.24295175914403;112.24295175914403
1087;32.50;19.50;True;False;False;False;44;61.50;15.50;False;False;True;False;1;116.10775698352154;0;116.10775698352154;116.10775698352154
1087;32.50;19.50;True;False;False;False;60;61.50;21.50;False;False;True;False;1;99.00512893349514;0;99.00512893349514;99.00512893349514
1087;32.50;19.50;True;False;False;False;548;21.50;7.50;True;False;False;False;1;22.365187582825456;0;22.365187582825456;22.365187582825456
1087;32.50;19.50;True;False;False;False;1365;46.50;25.50;True;False;False;False;1;20.77024645860547;0;20.77024645860547;20.77024645860547
1089;34.50;19.50;True;False;False;False;44;61.50;15.50;False;False;True;False;1;79.20647189091972;0;79.20647189091972;79.20647189091972
1089;34.50;19.50;True;False;False;False;60;61.50;21.50;False;False;True;False;1;84.08231681708276;0;84.08231681708276;84.08231681708276
1089;34.50;19.50;True;False;False;False;822;31.50;13.50;True;False;False;False;1;12.539538235858345;0;12.539538235858345;12.539538235858345
1089;34.50;19.50;True;False;False;False;1099;44.50;19.50;True;False;False;False;1;10.005968254565232;0;10.005968254565232;10.005968254565232
1090;35.50;19.50;True;False;False;False;44;61.50;15.50;False;False;True;False;1;86.5751009843334;0;86.5751009843334;86.5751009843334
1090;35.50;19.50;True;False;False;False;60;61.50;21.50;False;False;True;False;1;98.43510018087181;0;98.43510018087181;98.43510018087181
1090;35.50;19.50;True;False;False;False;92;0.50;12.50;False;True;False;False;1;261.1643722317822;0;261.1643722317822;261.1643722317822
1090;35.50;19.50;True;False;False;False;820;29.50;13.50;True;False;False;False;1;16.198527305627067;0;16.198527305627067;16.198527305627067
1090;35.50;19.50;True;False;False;False;821;30.50;13.50;True;False;False;False;1;15.16129150101915;0;15.16129150101915;15.16129150101915
1091;36.50;19.50;True;False;False;False;28;61.50;9.50;False;False;True;False;1;70.71972581868408;0;70.71972581868408;70.71972581868408
1091;36.50;19.50;True;False;False;False;76;0.50;6.50;False;True;False;False;1;552.3312456686945;0;552.3312456686945;552.3312456686945
1091;36.50;19.50;True;False;False;False;1118;19.50;20.50;True;False;False;False;1;18.524819610087434;0;18.524819610087434;18.524819610087434
1092;37.50;19.50;True;False;False;False;44;61.50;15.50;False;False;True;False;4;94.85791806793509;346.2792916240056;73.23880548511806;110.77907008224884
1092;37.50;19.50;True;False;False;False;60;61.50;21.50;False;False;True;False;3;125.733214673933;277.5411113669709;106.97194804089122;138.79518838627519
1092;37.50;19.50;True;False;False;False;76;0.50;6.50;False;True;False;False;1;533.9671036382556;0;533.9671036382556;533.9671036382556
1092;37.50;19.50;True;False;False;False;821;30.50;13.50;True;False;False;False;1;15.790187582825183;0;15.790187582825183;15.790187582825183
1092;37.50;19.50;True;False;False;False;822;31.50;13.50;True;False;False;False;2;17.587265923192717;14.903239604380177;14.857500401725702;20.317031444659733
1092;37.50;19.50;True;False;False;False;837;46.50;13.50;True;False;False;False;1;17.824444444442634;0;17.824444444442634;17.824444444442634
1092;37.50;19.50;True;False;False;False;969;46.50;16.50;True;False;False;False;1;16.216115109297334;0;16.216115109297334;16.216115109297334
1092;37.50;19.50;True;False;False;False;1105;50.50;19.50;True;False;False;False;1;12.890465762327949;0;12.890465762327949;12.890465762327949
1092;37.50;19.50;True;False;False;False;1385;22.50;26.50;True;False;False;False;1;21.671851054750732;0;21.671851054750732;21.671851054750732
1092;37.50;19.50;True;False;False;False;1404;41.50;26.50;True;False;False;False;1;15.086305083405932;0;15.086305083405932;15.086305083405932
1094;39.50;19.50;True;False;False;False;44;61.50;15.50;False;False;True;False;5;101.14902946732346;455.2124112580812;79.10471942920776;130.96405169825084
1094;39.50;19.50;True;False;False;False;60;61.50;21.50;False;False;True;False;6;103.04059214708775;1902.1360378183822;73.12027257442651;187.4127865775772
1094;39.50;19.50;True;False;False;False;124;0.50;24.50;False;True;False;False;2;562.7280828620735;89.06620793474032;556.054770044037;569.40139568011
1094;39.50;19.50;True;False;False;False;576;49.50;7.50;True;False;False;False;1;21.979617641445657;0;21.979617641445657;21.979617641445657
1094;39.50;19.50;True;False;False;False;821;30.50;13.50;True;False;False;False;1;18.47870530424916;0;18.47870530424916;18.47870530424916
1094;39.50;19.50;True;False;False;False;822;31.50;13.50;True;False;False;False;3;20.35273985033109;6.65947619499711;18.691839863655332;23.325743138383586
1094;39.50;19.50;True;False;False;False;823;32.50;13.50;True;False;False;False;1;15.92009379141291;0;15.92009379141291;15.92009379141291
1094;39.50;19.50;True;False;False;False;826;35.50;13.50;True;False;False;False;1;14.861298693926074;0;14.861298693926074;14.861298693926074
1094;39.50;19.50;True;False;False;False;1018;51.50;17.50;True;False;False;False;1;15.957776974325725;0;15.957776974325725;15.957776974325725
1094;39.50;19.50;True;False;False;False;1143;44.50;20.50;True;False;False;False;1;10.331576069984294;0;10.331576069984294;10.331576069984294
1094;39.50;19.50;True;False;False;False;1231;44.50;22.50;True;False;False;False;1;12.300734338652546;0;12.300734338652546;12.300734338652546
1094;39.50;19.50;True;False;False;False;1277;46.50;23.50;True;False;False;False;1;13.800917138815748;0;13.800917138815748;13.800917138815748
1094;39.50;19.50;True;False;False;False;1402;39.50;26.50;True;False;False;False;2;8.941796696572055;0.07033998285142079;8.754260056350176;9.129333336793934
1095;40.50;19.50;True;False;False;False;28;61.50;9.50;False;False;True;False;1;74.87749959827124;0;74.87749959827124;74.87749959827124
1095;40.50;19.50;True;False;False;False;60;61.50;21.50;False;False;True;False;2;76.59222622039488;635.2570363813809;58.77009059666307;94.41436184412669
1095;40.50;19.50;True;False;False;False;108;0.50;18.50;False;True;False;False;1;344.90333813496983;0;344.90333813496983;344.90333813496983
1095;40.50;19.50;True;False;False;False;818;27.50;13.50;True;False;False;False;1;19.94370849898769;0;19.94370849898769;19.94370849898769
1095;40.50;19.50;True;False;False;False;820;29.50;13.50;True;False;False;False;1;19.050562748476295;0;19.050562748476295;19.050562748476295
1095;40.50;19.50;True;False;False;False;821;30.50;13.50;True;False;False;False;1;18.13443725151592;0;18.13443725151592;18.13443725151592
1095;40.50;19.50;True;False;False;False;1133;34.50;20.50;True;False;False;False;1;11.05806315019072;0;11.05806315019072;11.05806315019072
1096;41.50;19.50;True;False;False;False;44;61.50;15.50;False;False;True;False;4;97.75400652987355;296.88769581891614;76.14787156918464;117.60813936102932
1096;41.50;19.50;True;False;False;False;60;61.50;21.50;False;False;True;False;2;48.54589940697648;309.97146218690796;36.09657287525381;60.99522593869915
1096;41.50;19.50;True;False;False;False;76;0.50;6.50;False;True;False;False;1;595.5976770199522;0;595.5976770199522;595.5976770199522
1096;41.50;19.50;True;False;False;False;92;0.50;12.50;False;True;False;False;1;241.28696003546793;0;241.28696003546793;241.28696003546793
1096;41.50;19.50;True;False;False;False;701;42.50;10.50;True;False;False;False;1;12.540187582824728;0;12.540187582824728;12.540187582824728
1096;41.50;19.50;True;False;False;False;821;30.50;13.50;True;False;False;False;1;19.37869811132805;0;19.37869811132805;19.37869811132805
1096;41.50;19.50;True;False;False;False;822;31.50;13.50;True;False;False;False;2;22.044116576223132;29.739952228289894;18.18795577639321;25.900277376053054
1096;41.50;19.50;True;False;False;False;1141;42.50;20.50;True;False;False;False;1;6.676948040883872;0;6.676948040883872;6.676948040883872
1096;41.50;19.50;True;False;False;False;1151;52.50;20.50;True;False;False;False;1;13.803604319906299;0;13.803604319906299;13.803604319906299
1096;41.50;19.50;True;False;False;False;1276;45.50;23.50;True;False;False;False;1;12.537513180661335;0;12.537513180661335;12.537513180661335
1096;41.50;19.50;True;False;False;False;1278;47.50;23.50;True;False;False;False;1;13.833055957296892;0;13.833055957296892;13.833055957296892
1097;42.50;19.50;True;False;False;False;28;61.50;9.50;False;False;True;False;1;126.27379909564843;0;126.27379909564843;126.27379909564843
1097;42.50;19.50;True;False;False;False;44;61.50;15.50;False;False;True;False;6;78.77548015448154;752.1331726534868;32.12519477573733;110.88580311097576
1097;42.50;19.50;True;False;False;False;60;61.50;21.50;False;False;True;False;5;86.30790865660201;160.2582676530637;68.2192608598034;102.58759419313719
1097;42.50;19.50;True;False;False;False;732;29.50;11.50;True;False;False;False;1;26.3338888888793;0;26.3338888888793;26.3338888888793
1097;42.50;19.50;True;False;False;False;820;29.50;13.50;True;False;False;False;2;19.827003599208183;0.09456104235355708;19.60956275397257;20.044444444443798
1097;42.50;19.50;True;False;False;False;822;31.50;13.50;True;False;False;False;3;18.691887120137988;0.19204487026965578;18.324906208585617;19.177103657297266
1097;42.50;19.50;True;False;False;False;967;44.50;16.50;True;False;False;False;1;10.654812417167705;0;10.654812417167705;10.654812417167705
1097;42.50;19.50;True;False;False;False;1080;25.50;19.50;True;False;False;False;1;15.219802832958521;0;15.219802832958521;15.219802832958521
1097;42.50;19.50;True;False;False;False;1094;39.50;19.50;True;False;False;False;1;5.466666666674428;0;5.466666666674428;5.466666666674428
1097;42.50;19.50;True;False;False;False;1099;44.50;19.50;True;False;False;False;1;5.471107916371693;0;5.471107916371693;5.471107916371693
1097;42.50;19.50;True;False;False;False;1134;35.50;20.50;True;False;False;False;1;21.817312818899836;0;21.817312818899836;21.817312818899836
1097;42.50;19.50;True;False;False;False;1146;47.50;20.50;True;False;False;False;1;10.135461764130014;0;10.135461764130014;10.135461764130014
1099;44.50;19.50;True;False;False;False;28;61.50;9.50;False;False;True;False;1;110.0133405262543;0;110.0133405262543;110.0133405262543
1099;44.50;19.50;True;False;False;False;44;61.50;15.50;False;False;True;False;10;96.49405819519006;642.5180844502007;59.310631766367806;138.81526274162934
1099;44.50;19.50;True;False;False;False;60;61.50;21.50;False;False;True;False;1;135.51305915202283;0;135.51305915202283;135.51305915202283
1099;44.50;19.50;True;False;False;False;272;9.50;1.50;True;False;False;False;1;43.04852091615612;0;43.04852091615612;43.04852091615612
1099;44.50;19.50;True;False;False;False;437;42.50;4.50;True;False;False;False;1;18.751948040905518;0;18.751948040905518;18.751948040905518
1099;44.50;19.50;True;False;False;False;820;29.50;13.50;True;False;False;False;1;21.197871569183917;0;21.197871569183917;21.197871569183917
1099;44.50;19.50;True;False;False;False;821;30.50;13.50;True;False;False;False;2;25.198615511012576;32.08588113678229;21.193251536491516;29.203979485533637
1099;44.50;19.50;True;False;False;False;822;31.50;13.50;True;False;False;False;2;25.07631440770865;47.31337336954722;20.212500401727993;29.940128413689308
1099;44.50;19.50;True;False;False;False;867;32.50;14.50;True;False;False;False;1;19.043330138597412;0;19.043330138597412;19.043330138597412
1099;44.50;19.50;True;False;False;False;1009;42.50;17.50;True;False;False;False;1;9.74398507159276;0;9.74398507159276;9.74398507159276
1099;44.50;19.50;True;False;False;False;1094;39.50;19.50;True;False;False;False;1;6.912383141208011;0;6.912383141208011;6.912383141208011
1099;44.50;19.50;True;False;False;False;1237;50.50;22.50;True;False;False;False;1;13.517718344062814;0;13.517718344062814;13.517718344062814
1099;44.50;19.50;True;False;False;False;1351;32.50;25.50;True;False;False;False;1;18.88150171462803;0;18.88150171462803;18.88150171462803
1100;45.50;19.50;True;False;False;False;12;61.50;3.50;False;False;True;False;1;157.48695203907664;0;157.48695203907664;157.48695203907664
1100;45.50;19.50;True;False;False;False;28;61.50;9.50;False;False;True;False;2;69.74533226813355;1458.9348261160394;42.73667785777798;96.75398667848913
1100;45.50;19.50;True;False;False;False;44;61.50;15.50;False;False;True;False;5;78.07602856748628;167.50364841129274;59.29073994364589;92.76185505294234
1100;45.50;19.50;True;False;False;False;60;61.50;21.50;False;False;True;False;2;74.31839182188696;2959.1492039533186;35.85315294343127;112.78363070034266
1100;45.50;19.50;True;False;False;False;124;0.50;24.50;False;True;False;False;1;560.5562113110209;0;560.5562113110209;560.5562113110209
1100;45.50;19.50;True;False;False;False;732;29.50;11.50;True;False;False;False;2;41.06115041220983;253.9065915773494;29.7937950974665;52.32850572695315
1100;45.50;19.50;True;False;False;False;820;29.50;13.50;True;False;False;False;2;24.65648467939127;12.199930971313936;22.18667385957997;27.12629549920257
1100;45.50;19.50;True;False;False;False;864;29.50;14.50;True;False;False;False;1;22.790652541702002;0;22.790652541702002;22.790652541702002
1100;45.50;19.50;True;False;False;False;866;31.50;14.50;True;False;False;False;1;20.168520916147827;0;20.168520916147827;20.168520916147827
1100;45.50;19.50;True;False;False;False;867;32.50;14.50;True;False;False;False;1;19.686786819413896;0;19.686786819413896;19.686786819413896
1100;45.50;19.50;True;False;False;False;1019;52.50;17.50;True;False;False;False;1;12.911111111110586;0;12.911111111110586;12.911111111110586
1100;45.50;19.50;True;False;False;False;1104;49.50;19.50;True;False;False;False;1;7.294174261312946;0;7.294174261312946;7.294174261312946
1100;45.50;19.50;True;False;False;False;1277;46.50;23.50;True;False;False;False;1;9.738517721423705;0;9.738517721423705;9.738517721423705
1100;45.50;19.50;True;False;False;False;1412;49.50;26.50;True;False;False;False;1;14.990799074836104;0;14.990799074836104;14.990799074836104
1101;46.50;19.50;True;False;False;False;44;61.50;15.50;False;False;True;False;5;116.37792480995094;2128.847093697643;52.51526459711749;163.29509059666088
1101;46.50;19.50;True;False;False;False;60;61.50;21.50;False;False;True;False;5;97.17093525607852;1903.1428815620359;36.131662668476565;157.4706799986343
1101;46.50;19.50;True;False;False;False;108;0.50;18.50;False;True;False;False;1;602.7155595727818;0;602.7155595727818;602.7155595727818
1101;46.50;19.50;True;False;False;False;446;51.50;4.50;True;False;False;False;1;22.262697568745352;0;22.262697568745352;22.262697568745352
1101;46.50;19.50;True;False;False;False;704;45.50;10.50;True;False;False;False;1;13.528427124743757;0;13.528427124743757;13.528427124743757
1101;46.50;19.50;True;False;False;False;734;31.50;11.50;True;False;False;False;1;25.90907727515878;0;25.90907727515878;25.90907727515878
1101;46.50;19.50;True;False;False;False;820;29.50;13.50;True;False;False;False;1;23.552966164053032;0;23.552966164053032;23.552966164053032
1101;46.50;19.50;True;False;False;False;822;31.50;13.50;True;False;False;False;1;22.161486276760115;0;22.161486276760115;22.161486276760115
1101;46.50;19.50;True;False;False;False;962;39.50;16.50;True;False;False;False;1;15.19146550145797;0;15.19146550145797;15.19146550145797
1101;46.50;19.50;True;False;False;False;969;46.50;16.50;True;False;False;False;1;5.68427124747177;0;5.68427124747177;5.68427124747177
1101;46.50;19.50;True;False;False;False;1139;40.50;20.50;True;False;False;False;1;10.886974761990132;0;10.886974761990132;10.886974761990132
1101;46.50;19.50;True;False;False;False;1146;47.50;20.50;True;False;False;False;2;6.705416867527902;0.057705730609543315;6.5355555555561295;6.875278179499674
1101;46.50;19.50;True;False;False;False;1149;50.50;20.50;True;False;False;False;1;9.749350653031797;0;9.749350653031797;9.749350653031797
1102;47.50;19.50;True;False;False;False;12;61.50;3.50;False;False;True;False;1;93.38288995321273;0;93.38288995321273;93.38288995321273
1102;47.50;19.50;True;False;False;False;28;61.50;9.50;False;False;True;False;2;43.281573276974086;169.08916554906935;34.08676045807806;52.47638609587011
1102;47.50;19.50;True;False;False;False;44;61.50;15.50;False;False;True;False;7;115.99190388691171;1825.2781789094809;47.48518038990005;173.25713962191867
1102;47.50;19.50;True;False;False;False;60;61.50;21.50;False;False;True;False;3;112.59824487282852;281.83373242084474;96.31546576232813;129.84935784593472
1102;47.50;19.50;True;False;False;False;76;0.50;6.50;False;True;False;False;2;568.4263070919724;58.2539497057785;563.0293658422561;573.8232483416887
1102;47.50;19.50;True;False;False;False;108;0.50;18.50;False;True;False;False;1;581.0992200935907;0;581.0992200935907;581.0992200935907
1102;47.50;19.50;True;False;False;False;583;12.50;8.50;True;False;False;False;1;37.99453504112216;0;37.99453504112216;37.99453504112216
1102;47.50;19.50;True;False;False;False;732;29.50;11.50;True;False;False;False;1;33.7132395419103;0;33.7132395419103;33.7132395419103
1102;47.50;19.50;True;False;False;False;734;31.50;11.50;True;False;False;False;1;34.402222222226555;0;34.402222222226555;34.402222222226555
1102;47.50;19.50;True;False;False;False;821;30.50;13.50;True;False;False;False;1;42.63824354010649;0;42.63824354010649;42.63824354010649
1102;47.50;19.50;True;False;False;False;822;31.50;13.50;True;False;False;False;1;21.665093791405525;0;21.665093791405525;21.665093791405525
1102;47.50;19.50;True;False;False;False;864;29.50;14.50;True;False;False;False;1;22.84665708246166;0;22.84665708246166;22.84665708246166
1102;47.50;19.50;True;False;False;False;866;31.50;14.50;True;False;False;False;3;21.036548804372917;0.019746117415899878;20.890750331305753;21.17111830403519
1102;47.50;19.50;True;False;False;False;1097;42.50;19.50;True;False;False;False;1;6.797139621903625;0;6.797139621903625;6.797139621903625
1102;47.50;19.50;True;False;False;False;1106;51.50;19.50;True;False;False;False;1;6.841854249476455;0;6.841854249476455;6.841854249476455
1102;47.50;19.50;True;False;False;False;1133;34.50;20.50;True;False;False;False;1;16.525329862357466;0;16.525329862357466;16.525329862357466
1102;47.50;19.50;True;False;False;False;1149;50.50;20.50;True;False;False;False;1;9.63787876211245;0;9.63787876211245;9.63787876211245
1102;47.50;19.50;True;False;False;False;1150;51.50;20.50;True;False;False;False;1;10.221851054755462;0;10.221851054755462;10.221851054755462
1102;47.50;19.50;True;False;False;False;1251;20.50;23.50;True;False;False;False;1;27.79629869393466;0;27.79629869393466;27.79629869393466
1102;47.50;19.50;True;False;False;False;1412;49.50;26.50;True;False;False;False;1;13.4574098050482;0;13.4574098050482;13.4574098050482
1104;49.50;19.50;True;False;False;False;28;61.50;9.50;False;False;True;False;2;107.20958432810994;49.24824554530312;102.24731440672804;112.17185424949184
1104;49.50;19.50;True;False;False;False;44;61.50;15.50;False;False;True;False;7;96.06117513208756;504.6250099961564;64.73233864441318;120.80945163735669
1104;49.50;19.50;True;False;False;False;60;61.50;21.50;False;False;True;False;6;82.68706812601695;142.39809668141496;70.70537596910026;100.6211953183174
1104;49.50;19.50;True;False;False;False;321;14.50;2.50;True;False;False;False;1;42.059722623948346;0;42.059722623948346;42.059722623948346
1104;49.50;19.50;True;False;False;False;734;31.50;11.50;True;False;False;False;1;26.011670664853682;0;26.011670664853682;26.011670664853682
1104;49.50;19.50;True;False;False;False;820;29.50;13.50;True;False;False;False;2;26.576798563500233;0.6071332958345065;26.025829736870946;27.12776739012952
1104;49.50;19.50;True;False;False;False;821;30.50;13.50;True;False;False;False;2;24.22372914292737;0.0031001980521854875;24.18435784594476;24.263100439909977
1104;49.50;19.50;True;False;False;False;822;31.50;13.50;True;False;False;False;2;26.7838017660456;11.75849492854161;24.35908581066633;29.20851772142487
1104;49.50;19.50;True;False;False;False;823;32.50;13.50;True;False;False;False;1;48.8980623467578;0;48.8980623467578;48.8980623467578
1104;49.50;19.50;True;False;False;False;864;29.50;14.50;True;False;False;False;1;24.328532107266255;0;24.328532107266255;24.328532107266255
1104;49.50;19.50;True;False;False;False;989;22.50;17.50;True;False;False;False;1;26.603237150637142;0;26.603237150637142;26.603237150637142
1104;49.50;19.50;True;False;False;False;1014;47.50;17.50;True;False;False;False;1;9.14379509747414;0;9.14379509747414;9.14379509747414
1104;49.50;19.50;True;False;False;False;1275;44.50;23.50;True;False;False;False;1;13.585922724823831;0;13.585922724823831;13.585922724823831
1104;49.50;19.50;True;False;False;False;1282;51.50;23.50;True;False;False;False;1;10.531295499196858;0;10.531295499196858;10.531295499196858
1104;49.50;19.50;True;False;False;False;1371;52.50;25.50;True;False;False;False;1;12.930555555552928;0;12.930555555552928;12.930555555552928
1105;50.50;19.50;True;False;False;False;28;61.50;9.50;False;False;True;False;1;96.3229565608599;0;96.3229565608599;96.3229565608599
1105;50.50;19.50;True;False;False;False;44;61.50;15.50;False;False;True;False;1;62.841739380251056;0;62.841739380251056;62.841739380251056
1105;50.50;19.50;True;False;False;False;60;61.50;21.50;False;False;True;False;6;72.2944711807827;386.7610784820056;50.36636371366694;102.05731601363186
1105;50.50;19.50;True;False;False;False;92;0.50;12.50;False;True;False;False;1;284.8779621658323;0;284.8779621658323;284.8779621658323
1105;50.50;19.50;True;False;False;False;108;0.50;18.50;False;True;False;False;1;520.7026903948979;0;520.7026903948979;520.7026903948979
1105;50.50;19.50;True;False;False;False;314;51.50;1.50;True;False;False;False;1;25.730281374240803;0;25.730281374240803;25.730281374240803
1105;50.50;19.50;True;False;False;False;732;29.50;11.50;True;False;False;False;1;33.99092352827938;0;33.99092352827938;33.99092352827938
1105;50.50;19.50;True;False;False;False;822;31.50;13.50;True;False;False;False;1;24.539902210397486;0;24.539902210397486;24.539902210397486
1105;50.50;19.50;True;False;False;False;864;29.50;14.50;True;False;False;False;1;25.21176045807806;0;25.21176045807806;25.21176045807806
1105;50.50;19.50;True;False;False;False;939;16.50;16.50;True;False;False;False;1;32.1359941340279;0;32.1359941340279;32.1359941340279
1105;50.50;19.50;True;False;False;False;942;19.50;16.50;True;False;False;False;1;30.192968555325933;0;30.192968555325933;30.192968555325933
1105;50.50;19.50;True;False;False;False;1014;47.50;17.50;True;False;False;False;1;14.60575033130226;0;14.60575033130226;14.60575033130226
1105;50.50;19.50;True;False;False;False;1148;49.50;20.50;True;False;False;False;1;6.874958712101943;0;6.874958712101943;6.874958712101943
1105;50.50;19.50;True;False;False;False;1278;47.50;23.50;True;False;False;False;1;11.445743138381204;0;11.445743138381204;11.445743138381204
1105;50.50;19.50;True;False;False;False;1370;51.50;25.50;True;False;False;False;1;11.577406610307662;0;11.577406610307662;11.577406610307662
1106;51.50;19.50;True;False;False;False;12;61.50;3.50;False;False;True;False;2;105.88326205637077;167.6171851767178;96.72855875214736;115.03796536059417
1106;51.50;19.50;True;False;False;False;28;61.50;9.50;False;False;True;False;2;137.03232655255078;3728.2861157807897;93.85660353729145;180.20804956781012
1106;51.50;19.50;True;False;False;False;44;61.50;15.50;False;False;True;False;3;107.24035518742296;1160.5799716210022;68.4916658632169;132.48703144465253
1106;51.50;19.50;True;False;False;False;60;61.50;21.50;False;False;True;False;6;103.43156132817569;343.89948806243643;84.51111111110731;135.37452997496803
1106;51.50;19.50;True;False;False;False;733;30.50;11.50;True;False;False;False;3;30.678711876408595;22.103463394150914;26.749444444444407;35.88743351971789
1106;51.50;19.50;True;False;False;False;735;32.50;11.50;True;False;False;False;1;25.891783624678396;0;25.891783624678396;25.891783624678396
1106;51.50;19.50;True;False;False;False;820;29.50;13.50;True;False;False;False;2;34.48203663848926;5.471924721957425;32.827962165867575;36.13611111111095
1106;51.50;19.50;True;False;False;False;821;30.50;13.50;True;False;False;False;2;25.886248201755734;0.10884176797120973;25.65296536058304;26.11953104292843
1106;51.50;19.50;True;False;False;False;1118;19.50;20.50;True;False;False;False;1;28.212691179271133;0;28.212691179271133;28.212691179271133
1106;51.50;19.50;True;False;False;False;1150;51.50;20.50;True;False;False;False;1;3.4874098050477187;0;3.4874098050477187;3.4874098050477187
1106;51.50;19.50;True;False;False;False;1261;30.50;23.50;True;False;False;False;1;24.183524914338705;0;24.183524914338705;24.183524914338705
1106;51.50;19.50;True;False;False;False;1385;22.50;26.50;True;False;False;False;1;31.085174803909467;0;31.085174803909467;31.085174803909467
1106;51.50;19.50;True;False;False;False;1387;24.50;26.50;True;False;False;False;1;29.9139371314659;0;29.9139371314659;29.9139371314659
1107;52.50;19.50;True;False;False;False;12;61.50;3.50;False;False;True;False;2;123.25124860348478;3038.469638733027;84.27388569414325;162.22861151282632
1107;52.50;19.50;True;False;False;False;28;61.50;9.50;False;False;True;False;5;96.67300671466187;1863.155338901784;58.79936903705675;166.13945244081515
1107;52.50;19.50;True;False;False;False;44;61.50;15.50;False;False;True;False;5;86.49415139702214;432.5905530812643;59.702521177030576;117.02352091615103
1107;52.50;19.50;True;False;False;False;60;61.50;21.50;False;False;True;False;5;76.18328089597625;182.53239240274507;57.22417345786016;90.33129230446457
1107;52.50;19.50;True;False;False;False;108;0.50;18.50;False;True;False;False;2;573.1919744308016;1638.35811846489;544.5706701412964;601.8132787203067
1107;52.50;19.50;True;False;False;False;436;41.50;4.50;True;False;False;False;1;25.010554752103644;0;25.010554752103644;25.010554752103644
1107;52.50;19.50;True;False;False;False;745;42.50;11.50;True;False;False;False;1;24.716125496951463;0;24.716125496951463;24.716125496951463
1107;52.50;19.50;True;False;False;False;820;29.50;13.50;True;False;False;False;3;36.11358523658843;19.72331585356006;31.05740980504197;39.38304556962612
1107;52.50;19.50;True;False;False;False;821;30.50;13.50;True;False;False;False;1;26.137680791622188;0;26.137680791622188;26.137680791622188
1107;52.50;19.50;True;False;False;False;822;31.50;13.50;True;False;False;False;3;27.058996357183787;6.697712061759177;25.16178869067153;30.007141228867113
1107;52.50;19.50;True;False;False;False;823;32.50;13.50;True;False;False;False;1;24.174930982062506;0;24.174930982062506;24.174930982062506
1107;52.50;19.50;True;False;False;False;842;51.50;13.50;True;False;False;False;1;13;0;13;13
1107;52.50;19.50;True;False;False;False;952;29.50;16.50;True;False;False;False;1;24.625;0;24.625;24.625
1107;52.50;19.50;True;False;False;False;972;49.50;16.50;True;False;False;False;1;10.809353847766033;0;10.809353847766033;10.809353847766033
1107;52.50;19.50;True;False;False;False;1018;51.50;17.50;True;False;False;False;1;7.7329541694962245;0;7.7329541694962245;7.7329541694962245
1107;52.50;19.50;True;False;False;False;1149;50.50;20.50;True;False;False;False;1;7.334537432399884;0;7.334537432399884;7.334537432399884
1107;52.50;19.50;True;False;False;False;1276;45.50;23.50;True;False;False;False;1;14.813532107247738;0;14.813532107247738;14.813532107247738
1107;52.50;19.50;True;False;False;False;1334;15.50;25.50;True;False;False;False;1;35.91778497069754;0;35.91778497069754;35.91778497069754
1107;52.50;19.50;True;False;False;False;1363;44.50;25.50;True;False;False;False;1;16.914538235858345;0;16.914538235858345;16.914538235858345
1107;52.50;19.50;True;False;False;False;1405;42.50;26.50;True;False;False;False;1;17.96528137423593;0;17.96528137423593;17.96528137423593
1108;9.50;20.50;True;False;False;False;60;61.50;21.50;False;False;True;False;1;108.57944844262238;0;108.57944844262238;108.57944844262238
1108;9.50;20.50;True;False;False;False;1019;52.50;17.50;True;False;False;False;1;43.1600937914136;0;43.1600937914136;43.1600937914136
1109;10.50;20.50;True;False;False;False;28;61.50;9.50;False;False;True;False;1;97.92900614940481;0;97.92900614940481;97.92900614940481
1109;10.50;20.50;True;False;False;False;44;61.50;15.50;False;False;True;False;1;65.51111350244537;0;65.51111350244537;65.51111350244537
1109;10.50;20.50;True;False;False;False;437;42.50;4.50;True;False;False;False;1;38.84945722338671;0;38.84945722338671;38.84945722338671
1109;10.50;20.50;True;False;False;False;1009;42.50;17.50;True;False;False;False;1;30.921230744013883;0;30.921230744013883;30.921230744013883
1109;10.50;20.50;True;False;False;False;1233;46.50;22.50;True;False;False;False;1;33.078716495356275;0;33.078716495356275;33.078716495356275
1110;11.50;20.50;True;False;False;False;44;61.50;15.50;False;False;True;False;1;140.96797016223354;0;140.96797016223354;140.96797016223354
1110;11.50;20.50;True;False;False;False;700;41.50;10.50;True;False;False;False;1;33.804525456911506;0;33.804525456911506;33.804525456911506
1111;12.50;20.50;True;False;False;False;44;61.50;15.50;False;False;True;False;1;72.87060219126579;0;72.87060219126579;72.87060219126579
1111;12.50;20.50;True;False;False;False;615;44.50;8.50;True;False;False;False;1;36.87296536060239;0;36.87296536060239;36.87296536060239
1111;12.50;20.50;True;False;False;False;1105;50.50;19.50;True;False;False;False;1;32.32953504112197;0;32.32953504112197;32.32953504112197
1113;14.50;20.50;True;False;False;False;12;61.50;3.50;False;False;True;False;1;216.51650307288583;0;216.51650307288583;216.51650307288583
1113;14.50;20.50;True;False;False;False;975;52.50;16.50;True;False;False;False;1;35.07695684067585;0;35.07695684067585;35.07695684067585
1115;16.50;20.50;True;False;False;False;28;61.50;9.50;False;False;True;False;1;77.82194804089522;0;77.82194804089522;77.82194804089522
1115;16.50;20.50;True;False;False;False;1202;15.50;22.50;True;False;False;False;1;7.560093791414147;0;7.560093791414147;7.560093791414147
1116;17.50;20.50;True;False;False;False;28;61.50;9.50;False;False;True;False;1;77.0135392811062;0;77.0135392811062;77.0135392811062
1116;17.50;20.50;True;False;False;False;755;52.50;11.50;True;False;False;False;1;65.65992857170932;0;65.65992857170932;65.65992857170932
1116;17.50;20.50;True;False;False;False;1360;41.50;25.50;True;False;False;False;1;27.5717676510003;0;27.5717676510003;27.5717676510003
1118;19.50;20.50;True;False;False;False;28;61.50;9.50;False;False;True;False;1;95.71879509746577;0;95.71879509746577;95.71879509746577
1118;19.50;20.50;True;False;False;False;44;61.50;15.50;False;False;True;False;3;81.79170592683779;13.47282037329298;77.94241780140146;85.25259738786917
1118;19.50;20.50;True;False;False;False;60;61.50;21.50;False;False;True;False;2;99.04546296932949;244.5939157866428;87.98666747012066;110.10425846853832
1118;19.50;20.50;True;False;False;False;354;47.50;2.50;True;False;False;False;1;38.79111111111342;0;38.79111111111342;38.79111111111342
1118;19.50;20.50;True;False;False;False;491;52.50;5.50;True;False;False;False;1;38.70222222222583;0;38.70222222222583;38.70222222222583
1118;19.50;20.50;True;False;False;False;571;44.50;7.50;True;False;False;False;1;32.76933307248328;0;32.76933307248328;32.76933307248328
1118;19.50;20.50;True;False;False;False;608;37.50;8.50;True;False;False;False;1;41.689358649398855;0;41.689358649398855;41.689358649398855
1118;19.50;20.50;True;False;False;False;874;39.50;14.50;True;False;False;False;1;24.65046256759524;0;24.65046256759524;24.65046256759524
1118;19.50;20.50;True;False;False;False;1407;44.50;26.50;True;False;False;False;1;27.752871569189665;0;27.752871569189665;27.752871569189665
1120;21.50;20.50;True;False;False;False;28;61.50;9.50;False;False;True;False;1;112.19945163735247;0;112.19945163735247;112.19945163735247
1121;22.50;20.50;True;False;False;False;44;61.50;15.50;False;False;True;False;1;94.36330456166252;0;94.36330456166252;94.36330456166252
1121;22.50;20.50;True;False;False;False;967;44.50;16.50;True;False;False;False;1;25.041787121920606;0;25.041787121920606;25.041787121920606
1123;24.50;20.50;True;False;False;False;44;61.50;15.50;False;False;True;False;1;56.86897229263559;0;56.86897229263559;56.86897229263559
1126;27.50;20.50;True;False;False;False;28;61.50;9.50;False;False;True;False;1;104.18870849897576;0;104.18870849897576;104.18870849897576
1126;27.50;20.50;True;False;False;False;44;61.50;15.50;False;False;True;False;3;89.60393596574431;1244.1848830059841;54.59439728874713;125.1346320272678
1126;27.50;20.50;True;False;False;False;668;9.50;10.50;True;False;False;False;1;25.40573994364422;0;25.40573994364422;25.40573994364422
1126;27.50;20.50;True;False;False;False;734;31.50;11.50;True;False;False;False;1;15.277597387874266;0;15.277597387874266;15.277597387874266
1126;27.50;20.50;True;False;False;False;822;31.50;13.50;True;False;False;False;1;22.40972581868118;0;22.40972581868118;22.40972581868118
1126;27.50;20.50;True;False;False;False;1255;24.50;23.50;True;False;False;False;1;11.82685424949159;0;11.82685424949159;11.82685424949159
1128;29.50;20.50;True;False;False;False;28;61.50;9.50;False;False;True;False;1;53.626800420890504;0;53.626800420890504;53.626800420890504
1128;29.50;20.50;True;False;False;False;60;61.50;21.50;False;False;True;False;2;99.40495629901488;237.94525841191776;88.49749879481351;110.31241380321626
1128;29.50;20.50;True;False;False;False;92;0.50;12.50;False;True;False;False;1;268.2569994593141;0;268.2569994593141;268.2569994593141
1128;29.50;20.50;True;False;False;False;821;30.50;13.50;True;False;False;False;1;12.248246734838176;0;12.248246734838176;12.248246734838176
1128;29.50;20.50;True;False;False;False;1252;21.50;23.50;True;False;False;False;1;15.186618443067346;0;15.186618443067346;15.186618443067346
1128;29.50;20.50;True;False;False;False;1273;42.50;23.50;True;False;False;False;1;18.721197709603075;0;18.721197709603075;18.721197709603075
1128;29.50;20.50;True;False;False;False;1277;46.50;23.50;True;False;False;False;1;20.966576873430313;0;20.966576873430313;20.966576873430313
1129;30.50;20.50;True;False;False;False;44;61.50;15.50;False;False;True;False;1;90.44633383601104;0;90.44633383601104;90.44633383601104
1129;30.50;20.50;True;False;False;False;60;61.50;21.50;False;False;True;False;1;136.2002973669296;0;136.2002973669296;136.2002973669296
1129;30.50;20.50;True;False;False;False;734;31.50;11.50;True;False;False;False;1;13.045546755787655;0;13.045546755787655;13.045546755787655
1129;30.50;20.50;True;False;False;False;821;30.50;13.50;True;False;False;False;1;8.662594193134282;0;8.662594193134282;8.662594193134282
1129;30.50;20.50;True;False;False;False;865;30.50;14.50;True;False;False;False;1;7.329985614162069;0;7.329985614162069;7.329985614162069
1130;31.50;20.50;True;False;False;False;44;61.50;15.50;False;False;True;False;1;102.52556194502722;0;102.52556194502722;102.52556194502722
1130;31.50;20.50;True;False;False;False;1148;49.50;20.50;True;False;False;False;1;18.307409805049247;0;18.307409805049247;18.307409805049247
1131;32.50;20.50;True;False;False;False;44;61.50;15.50;False;False;True;False;2;87.24460006792924;73.22884766286452;81.19361470755757;93.29558542830091
1131;32.50;20.50;True;False;False;False;124;0.50;24.50;False;True;False;False;1;594.6743802281289;0;594.6743802281289;594.6743802281289
1131;32.50;20.50;True;False;False;False;349;42.50;2.50;True;False;False;False;1;25.85436503884921;0;25.85436503884921;25.85436503884921
1131;32.50;20.50;True;False;False;False;820;29.50;13.50;True;False;False;False;1;20.19279264488432;0;20.19279264488432;20.19279264488432
1131;32.50;20.50;True;False;False;False;822;31.50;13.50;True;False;False;False;1;12.91915163052363;0;12.91915163052363;12.91915163052363
1133;34.50;20.50;True;False;False;False;44;61.50;15.50;False;False;True;False;1;82.78355902651856;0;82.78355902651856;82.78355902651856
1133;34.50;20.50;True;False;False;False;60;61.50;21.50;False;False;True;False;2;132.11525205907765;4082.5442524734026;86.9348124171629;177.2956917009924
1133;34.50;20.50;True;False;False;False;732;29.50;11.50;True;False;False;False;1;22.542219027482133;0;22.542219027482133;22.542219027482133
1133;34.50;20.50;True;False;False;False;733;30.50;11.50;True;False;False;False;1;15.295072212666128;0;15.295072212666128;15.295072212666128
1133;34.50;20.50;True;False;False;False;822;31.50;13.50;True;False;False;False;1;13.539316540844084;0;13.539316540844084;13.539316540844084
1134;35.50;20.50;True;False;False;False;28;61.50;9.50;False;False;True;False;1;128.24610152691366;0;128.24610152691366;128.24610152691366
1134;35.50;20.50;True;False;False;False;44;61.50;15.50;False;False;True;False;1;74.41222541695754;0;74.41222541695754;74.41222541695754
1134;35.50;20.50;True;False;False;False;300;37.50;1.50;True;False;False;False;1;20.590365581450897;0;20.590365581450897;20.590365581450897
1134;35.50;20.50;True;False;False;False;1018;51.50;17.50;True;False;False;False;1;19.09637568915298;0;19.09637568915298;19.09637568915298
1135;36.50;20.50;True;False;False;False;60;61.50;21.50;False;False;True;False;1;114.19621529017604;0;114.19621529017604;114.19621529017604
1135;36.50;20.50;True;False;False;False;92;0.50;12.50;False;True;False;False;1;300.86601253710796;0;300.86601253710796;300.86601253710796
1135;36.50;20.50;True;False;False;False;108;0.50;18.50;False;True;False;False;1;588.8586298968685;0;588.8586298968685;588.8586298968685
1135;36.50;20.50;True;False;False;False;1067;12.50;19.50;True;False;False;False;1;23.269264054541054;0;23.269264054541054;23.269264054541054
1135;36.50;20.50;True;False;False;False;1143;44.50;20.50;True;False;False;False;1;9.692965360603012;0;9.692965360603012;9.692965360603012
1135;36.50;20.50;True;False;False;False;1270;39.50;23.50;True;False;False;False;1;12.047119005725108;0;12.047119005725108;12.047119005725108
1136;37.50;20.50;True;False;False;False;28;61.50;9.50;False;False;True;False;1;112.61842712474026;0;112.61842712474026;112.61842712474026
1136;37.50;20.50;True;False;False;False;44;61.50;15.50;False;False;True;False;3;99.74815560887403;1803.0060717661106;69.89612630036572;148.3587116937174
1136;37.50;20.50;True;False;False;False;60;61.50;21.50;False;False;True;False;1;95.37890727289778;0;95.37890727289778;95.37890727289778
1136;37.50;20.50;True;False;False;False;76;0.50;6.50;False;True;False;False;1;556.0050602181182;0;556.0050602181182;556.0050602181182
1136;37.50;20.50;True;False;False;False;108;0.50;18.50;False;True;False;False;1;574.9483533051498;0;574.9483533051498;574.9483533051498
1136;37.50;20.50;True;False;False;False;124;0.50;24.50;False;True;False;False;2;556.4760900618098;360.76144818112704;543.0455009425432;569.9066791810765
1136;37.50;20.50;True;False;False;False;567;40.50;7.50;True;False;False;False;1;17.31149907470899;0;17.31149907470899;17.31149907470899
1136;37.50;20.50;True;False;False;False;820;29.50;13.50;True;False;False;False;1;25.93013855571553;0;25.93013855571553;25.93013855571553
1136;37.50;20.50;True;False;False;False;822;31.50;13.50;True;False;False;False;2;17.0750035964611;5.440738880633367;15.425649346969294;18.72435784595291
1136;37.50;20.50;True;False;False;False;867;32.50;14.50;True;False;False;False;1;14.223517721422013;0;14.223517721422013;14.223517721422013
1136;37.50;20.50;True;False;False;False;1151;52.50;20.50;True;False;False;False;1;14.01189927836458;0;14.01189927836458;14.01189927836458
1136;37.50;20.50;True;False;False;False;1273;42.50;23.50;True;False;False;False;1;13.06629549920035;0;13.06629549920035;13.06629549920035
1136;37.50;20.50;True;False;False;False;1277;46.50;23.50;True;False;False;False;1;15.78732720471453;0;15.78732720471453;15.78732720471453
1136;37.50;20.50;True;False;False;False;1402;39.50;26.50;True;False;False;False;1;12.56814575050521;0;12.56814575050521;12.56814575050521
1138;39.50;20.50;True;False;False;False;28;61.50;9.50;False;False;True;False;3;120.09490407876547;1335.610169706456;95.78805915200428;162.1229501713442
1138;39.50;20.50;True;False;False;False;44;61.50;15.50;False;False;True;False;4;97.07687989729561;293.47428028077064;86.39103170554154;122.67111111111171
1138;39.50;20.50;True;False;False;False;60;61.50;21.50;False;False;True;False;3;100.39102557752409;3136.4906730125535;42.66073594545742;154.4930663449383
1138;39.50;20.50;True;False;False;False;821;30.50;13.50;True;False;False;False;3;20.982964027876125;37.47284939601488;17.181111111109203;28.044538235861182
1138;39.50;20.50;True;False;False;False;822;31.50;13.50;True;False;False;False;4;18.534119570097573;4.119610108924742;16.637958167681063;21.386111111118225
1138;39.50;20.50;True;False;False;False;864;29.50;14.50;True;False;False;False;1;18.17777777777883;0;18.17777777777883;18.17777777777883
1138;39.50;20.50;True;False;False;False;1239;52.50;22.50;True;False;False;False;1;17.681483082027285;0;17.681483082027285;17.681483082027285
1138;39.50;20.50;True;False;False;False;1256;25.50;23.50;True;False;False;False;1;18.716760458064527;0;18.716760458064527;18.716760458064527
1139;40.50;20.50;True;False;False;False;12;61.50;3.50;False;False;True;False;1;122.6703751656515;0;122.6703751656515;122.6703751656515
1139;40.50;20.50;True;False;False;False;44;61.50;15.50;False;False;True;False;1;88.73067291907864;0;88.73067291907864;88.73067291907864
1139;40.50;20.50;True;False;False;False;60;61.50;21.50;False;False;True;False;2;71.92128613683894;323.1224210645697;59.210613041668694;84.6319592320092
1139;40.50;20.50;True;False;False;False;92;0.50;12.50;False;True;False;False;1;249.7039064504088;0;249.7039064504088;249.7039064504088
1139;40.50;20.50;True;False;False;False;732;29.50;11.50;True;False;False;False;1;20.231429594088695;0;20.231429594088695;20.231429594088695
1139;40.50;20.50;True;False;False;False;1017;50.50;17.50;True;False;False;False;1;16.24166666666673;0;16.24166666666673;16.24166666666673
1139;40.50;20.50;True;False;False;False;1339;20.50;25.50;True;False;False;False;1;23.92712443262235;0;23.92712443262235;23.92712443262235
1139;40.50;20.50;True;False;False;False;1403;40.50;26.50;True;False;False;False;1;8.580199539249406;0;8.580199539249406;8.580199539249406
1140;41.50;20.50;True;False;False;False;12;61.50;3.50;False;False;True;False;1;197.6383341367764;0;197.6383341367764;197.6383341367764
1140;41.50;20.50;True;False;False;False;28;61.50;9.50;False;False;True;False;1;112.29979376861593;0;112.29979376861593;112.29979376861593
1140;41.50;20.50;True;False;False;False;44;61.50;15.50;False;False;True;False;1;159.45555955372402;0;159.45555955372402;159.45555955372402
1140;41.50;20.50;True;False;False;False;60;61.50;21.50;False;False;True;False;2;118.1612801395595;20.424535563809663;114.9656162364081;121.3569440427109
1140;41.50;20.50;True;False;False;False;124;0.50;24.50;False;True;False;False;1;587.5180258114251;0;587.5180258114251;587.5180258114251
1140;41.50;20.50;True;False;False;False;733;30.50;11.50;True;False;False;False;1;29.266017319692764;0;29.266017319692764;29.266017319692764
1140;41.50;20.50;True;False;False;False;820;29.50;13.50;True;False;False;False;1;25.234735157634532;0;25.234735157634532;25.234735157634532
1140;41.50;20.50;True;False;False;False;821;30.50;13.50;True;False;False;False;1;21.972276513602992;0;21.972276513602992;21.972276513602992
1140;41.50;20.50;True;False;False;False;822;31.50;13.50;True;False;False;False;2;19.988350397356044;6.731434491250266;18.153761275611032;21.822939519101055
1140;41.50;20.50;True;False;False;False;955;32.50;16.50;True;False;False;False;1;15.537041832314571;0;15.537041832314571;15.537041832314571
1141;42.50;20.50;True;False;False;False;60;61.50;21.50;False;False;True;False;4;99.43143204864054;2662.804155762105;39.28630376008368;164.99108872897705
1141;42.50;20.50;True;False;False;False;278;15.50;1.50;True;False;False;False;1;37.7904617641434;0;37.7904617641434;37.7904617641434
1141;42.50;20.50;True;False;False;False;820;29.50;13.50;True;False;False;False;1;20.432965360596427;0;20.432965360596427;20.432965360596427
1141;42.50;20.50;True;False;False;False;952;29.50;16.50;True;False;False;False;1;18.63111111110993;0;18.63111111110993;18.63111111110993
1141;42.50;20.50;True;False;False;False;1331;12.50;25.50;True;False;False;False;1;30.228517721427124;0;30.228517721427124;30.228517721427124
1141;42.50;20.50;True;False;False;False;1365;46.50;25.50;True;False;False;False;1;13.71129549920181;0;13.71129549920181;13.71129549920181
1143;44.50;20.50;True;False;False;False;44;61.50;15.50;False;False;True;False;1;63.32836240764664;0;63.32836240764664;63.32836240764664
1143;44.50;20.50;True;False;False;False;60;61.50;21.50;False;False;True;False;4;93.71704663395042;711.6325537543433;60.81907647171738;124.23150387640317
1143;44.50;20.50;True;False;False;False;124;0.50;24.50;False;True;False;False;1;568.3127215577988;0;568.3127215577988;568.3127215577988
1143;44.50;20.50;True;False;False;False;579;52.50;7.50;True;False;False;False;1;20.979163070205686;0;20.979163070205686;20.979163070205686
1143;44.50;20.50;True;False;False;False;820;29.50;13.50;True;False;False;False;1;26.70712843081128;0;26.70712843081128;26.70712843081128
1143;44.50;20.50;True;False;False;False;822;31.50;13.50;True;False;False;False;1;20.554076471718872;0;20.554076471718872;20.554076471718872
1143;44.50;20.50;True;False;False;False;1136;37.50;20.50;True;False;False;False;1;8.938145750509648;0;8.938145750509648;8.938145750509648
1143;44.50;20.50;True;False;False;False;1368;49.50;25.50;True;False;False;False;1;14.279447639181853;0;14.279447639181853;14.279447639181853
1143;44.50;20.50;True;False;False;False;1414;51.50;26.50;True;False;False;False;1;16.71722222221797;0;16.71722222221797;16.71722222221797
1144;45.50;20.50;True;False;False;False;44;61.50;15.50;False;False;True;False;1;47.322229415147376;0;47.322229415147376;47.322229415147376
1144;45.50;20.50;True;False;False;False;60;61.50;21.50;False;False;True;False;1;166.37685824765504;0;166.37685824765504;166.37685824765504
1144;45.50;20.50;True;False;False;False;864;29.50;14.50;True;False;False;False;1;22.68285718334755;0;22.68285718334755;22.68285718334755
1144;45.50;20.50;True;False;False;False;1146;47.50;20.50;True;False;False;False;1;4.664808418991015;0;4.664808418991015;4.664808418991015
1145;46.50;20.50;True;False;False;False;12;61.50;3.50;False;False;True;False;1;155.65983774888718;0;155.65983774888718;155.65983774888718
1145;46.50;20.50;True;False;False;False;44;61.50;15.50;False;False;True;False;2;74.93290927291036;43.472003530118904;70.27072075623073;79.59509778959
1145;46.50;20.50;True;False;False;False;60;61.50;21.50;False;False;True;False;3;119.61803418625156;350.896494277937;105.4226168208479;140.84953530567873
1145;46.50;20.50;True;False;False;False;92;0.50;12.50;False;True;False;False;1;263.42750200859155;0;263.42750200859155;263.42750200859155
1145;46.50;20.50;True;False;False;False;451;12.50;5.50;True;False;False;False;1;40.62620570596118;0;40.62620570596118;40.62620570596118
1145;46.50;20.50;True;False;False;False;821;30.50;13.50;True;False;False;False;1;22.60174127066057;0;22.60174127066057;22.60174127066057
1145;46.50;20.50;True;False;False;False;822;31.50;13.50;True;False;False;False;2;21.926160799825084;0.6118428656461089;21.373059152003407;22.47926244764676
1145;46.50;20.50;True;False;False;False;1099;44.50;19.50;True;False;False;False;1;7.926669861402843;0;7.926669861402843;7.926669861402843
1145;46.50;20.50;True;False;False;False;1237;50.50;22.50;True;False;False;False;1;11.473512116326674;0;11.473512116326674;11.473512116326674
1145;46.50;20.50;True;False;False;False;1368;49.50;25.50;True;False;False;False;1;13.167232590862113;0;13.167232590862113;13.167232590862113
1146;47.50;20.50;True;False;False;False;28;61.50;9.50;False;False;True;False;2;132.78976618312663;150.81148097643216;124.10611830402559;141.47341406222768
1146;47.50;20.50;True;False;False;False;44;61.50;15.50;False;False;True;False;9;76.6991789988135;566.3343401352055;25.307497206989865;106.37953504112375
1146;47.50;20.50;True;False;False;False;60;61.50;21.50;False;False;True;False;2;79.86043629403684;348.6820501883075;66.65661014044963;93.06426244762406
1146;47.50;20.50;True;False;False;False;76;0.50;6.50;False;True;False;False;1;598.445238736671;0;598.445238736671;598.445238736671
1146;47.50;20.50;True;False;False;False;92;0.50;12.50;False;True;False;False;1;246.0895502303756;0;246.0895502303756;246.0895502303756
1146;47.50;20.50;True;False;False;False;576;49.50;7.50;True;False;False;False;1;16.484073276973504;0;16.484073276973504;16.484073276973504
1146;47.50;20.50;True;False;False;False;734;31.50;11.50;True;False;False;False;1;27.189256861609465;0;27.189256861609465;27.189256861609465
1146;47.50;20.50;True;False;False;False;820;29.50;13.50;True;False;False;False;3;25.600857805937874;7.71907086172357;23.4396080572169;28.734729013416654
1146;47.50;20.50;True;False;False;False;821;30.50;13.50;True;False;False;False;1;31.596854249488388;0;31.596854249488388;31.596854249488388
1146;47.50;20.50;True;False;False;False;822;31.50;13.50;True;False;False;False;3;30.826907019465125;59.862533038593206;22.554725818681163;37.885461764143656
1146;47.50;20.50;True;False;False;False;864;29.50;14.50;True;False;False;False;1;40.380739140195146;0;40.380739140195146;40.380739140195146
1146;47.50;20.50;True;False;False;False;1102;47.50;19.50;True;False;False;False;1;8.962877155207934;0;8.962877155207934;8.962877155207934
1146;47.50;20.50;True;False;False;False;1104;49.50;19.50;True;False;False;False;1;8.089264054535306;0;8.089264054535306;8.089264054535306
1146;47.50;20.50;True;False;False;False;1138;39.50;20.50;True;False;False;False;1;9.020739943642184;0;9.020739943642184;9.020739943642184
1146;47.50;20.50;True;False;False;False;1369;50.50;25.50;True;False;False;False;1;13.070448701622809;0;13.070448701622809;13.070448701622809
1146;47.50;20.50;True;False;False;False;1405;42.50;26.50;True;False;False;False;1;15.085735945451233;0;15.085735945451233;15.085735945451233
1148;49.50;20.50;True;False;False;False;12;61.50;3.50;False;False;True;False;1;114.29358806269374;0;114.29358806269374;114.29358806269374
1148;49.50;20.50;True;False;False;False;28;61.50;9.50;False;False;True;False;1;70.0775012051754;0;70.0775012051754;70.0775012051754
1148;49.50;20.50;True;False;False;False;44;61.50;15.50;False;False;True;False;4;75.45889714749205;1462.542257913168;34.138236347174825;119.50778257941693
1148;49.50;20.50;True;False;False;False;60;61.50;21.50;False;False;True;False;7;94.37212930535816;645.371715290152;61.510461764143656;131.95666584419814
1148;49.50;20.50;True;False;False;False;563;36.50;7.50;True;False;False;False;1;24.393294977423466;0;24.393294977423466;24.393294977423466
1148;49.50;20.50;True;False;False;False;681;22.50;10.50;True;False;False;False;1;37.82769117928365;0;37.82769117928365;37.82769117928365
1148;49.50;20.50;True;False;False;False;729;26.50;11.50;True;False;False;False;1;28.47101812314213;0;28.47101812314213;28.47101812314213
1148;49.50;20.50;True;False;False;False;753;50.50;11.50;True;False;False;False;1;14.820274984773278;0;14.820274984773278;14.820274984773278
1148;49.50;20.50;True;False;False;False;800;9.50;13.50;True;False;False;False;1;47.088888888887595;0;47.088888888887595;47.088888888887595
1148;49.50;20.50;True;False;False;False;822;31.50;13.50;True;False;False;False;2;35.318781784528255;23.419584287988553;31.8968244288626;38.74073914019391
1148;49.50;20.50;True;False;False;False;836;45.50;13.50;True;False;False;False;1;17.044444444443798;0;17.044444444443798;17.044444444443798
1148;49.50;20.50;True;False;False;False;864;29.50;14.50;True;False;False;False;2;24.416849055665125;0.00023859470082143388;24.405926723020002;24.427771388310248
1148;49.50;20.50;True;False;False;False;1071;16.50;19.50;True;False;False;False;1;28.600183584636397;0;28.600183584636397;28.600183584636397
1148;49.50;20.50;True;False;False;False;1107;52.50;19.50;True;False;False;False;1;8.890822543973627;0;8.890822543973627;8.890822543973627
1148;49.50;20.50;True;False;False;False;1149;50.50;20.50;True;False;False;False;1;3.8557617709684564;0;3.8557617709684564;3.8557617709684564
1149;50.50;20.50;True;False;False;False;44;61.50;15.50;False;False;True;False;1;78.93268398636428;0;78.93268398636428;78.93268398636428
1149;50.50;20.50;True;False;False;False;60;61.50;21.50;False;False;True;False;3;105.29317070605127;42.62082656696325;100.68073594546149;112.76319586272984
1149;50.50;20.50;True;False;False;False;108;0.50;18.50;False;True;False;False;1;635.8402933687971;0;635.8402933687971;635.8402933687971
1149;50.50;20.50;True;False;False;False;321;14.50;2.50;True;False;False;False;1;43.66129549919788;0;43.66129549919788;43.66129549919788
1149;50.50;20.50;True;False;False;False;820;29.50;13.50;True;False;False;False;1;33.68120490251931;0;33.68120490251931;33.68120490251931
1149;50.50;20.50;True;False;False;False;822;31.50;13.50;True;False;False;False;1;24.27001756149366;0;24.27001756149366;24.27001756149366
1149;50.50;20.50;True;False;False;False;861;26.50;14.50;True;False;False;False;1;26.83870130606323;0;26.83870130606323;26.83870130606323
1149;50.50;20.50;True;False;False;False;867;32.50;14.50;True;False;False;False;1;22.985364777995073;0;22.985364777995073;22.985364777995073
1150;51.50;20.50;True;False;False;False;28;61.50;9.50;False;False;True;False;1;132.23610605420254;0;132.23610605420254;132.23610605420254
1150;51.50;20.50;True;False;False;False;44;61.50;15.50;False;False;True;False;3;111.22168914334634;325.0269585092522;96.3623160136267;131.27778577413847
1150;51.50;20.50;True;False;False;False;60;61.50;21.50;False;False;True;False;2;89.86607300568448;850.7772493260778;69.24112149875873;110.49102451261024
1150;51.50;20.50;True;False;False;False;618;47.50;8.50;True;False;False;False;1;17.28929764681743;0;17.28929764681743;17.28929764681743
1150;51.50;20.50;True;False;False;False;821;30.50;13.50;True;False;False;False;2;31.63806234675303;77.00645721472293;25.432965360616436;37.84315933288963
1150;51.50;20.50;True;False;False;False;974;51.50;16.50;True;False;False;False;2;6.233078329974433;0.0173800725146767;6.139857966011732;6.326298693937133
1150;51.50;20.50;True;False;False;False;1368;49.50;25.50;True;False;False;False;1;12.390739943646622;0;12.390739943646622;12.390739943646622
1151;52.50;20.50;True;False;False;False;28;61.50;9.50;False;False;True;False;1;98.17064615222625;0;98.17064615222625;98.17064615222625
1151;52.50;20.50;True;False;False;False;44;61.50;15.50;False;False;True;False;3;88.38525739788535;94.48523296314585;78.15946363194416;97.50565841129355
1151;52.50;20.50;True;False;False;False;60;61.50;21.50;False;False;True;False;10;98.21479270047944;965.0431572493741;33.418299760014634;143.7844620250071
1151;52.50;20.50;True;False;False;False;76;0.50;6.50;False;True;False;False;1;516.6671540077223;0;516.6671540077223;516.6671540077223
1151;52.50;20.50;True;False;False;False;108;0.50;18.50;False;True;False;False;1;557.2730141041338;0;557.2730141041338;557.2730141041338
1151;52.50;20.50;True;False;False;False;124;0.50;24.50;False;True;False;False;1;563.9089656197484;0;563.9089656197484;563.9089656197484
1151;52.50;20.50;True;False;False;False;441;46.50;4.50;True;False;False;False;1;21.7333333333263;0;21.7333333333263;21.7333333333263
1151;52.50;20.50;True;False;False;False;578;51.50;7.50;True;False;False;False;1;15.93685424949399;0;15.93685424949399;15.93685424949399
1151;52.50;20.50;True;False;False;False;623;52.50;8.50;True;False;False;False;1;12.009423669140233;0;12.009423669140233;12.009423669140233
1151;52.50;20.50;True;False;False;False;821;30.50;13.50;True;False;False;False;3;29.97190265906617;38.94347471718732;26.01667066484879;37.16589475660385
1151;52.50;20.50;True;False;False;False;822;31.50;13.50;True;False;False;False;1;26.464434056793834;0;26.464434056793834;26.464434056793834
1151;52.50;20.50;True;False;False;False;837;46.50;13.50;True;False;False;False;1;15.546572875254242;0;15.546572875254242;15.546572875254242
1151;52.50;20.50;True;False;False;False;964;41.50;16.50;True;False;False;False;1;17.364718625754904;0;17.364718625754904;17.364718625754904
1151;52.50;20.50;True;False;False;False;1016;49.50;17.50;True;False;False;False;1;10.177777777778829;0;10.177777777778829;10.177777777778829
1151;52.50;20.50;True;False;False;False;1100;45.50;19.50;True;False;False;False;1;11.77555555555773;0;11.77555555555773;11.77555555555773
1151;52.50;20.50;True;False;False;False;1101;46.50;19.50;True;False;False;False;1;11.988239541926305;0;11.988239541926305;11.988239541926305
1151;52.50;20.50;True;False;False;False;1107;52.50;19.50;True;False;False;False;1;3.912288584488124;0;3.912288584488124;3.912288584488124
1151;52.50;20.50;True;False;False;False;1138;39.50;20.50;True;False;False;False;1;11.918888888889342;0;11.918888888889342;11.918888888889342
1151;52.50;20.50;True;False;False;False;1273;42.50;23.50;True;False;False;False;1;16.484815611901467;0;16.484815611901467;16.484815611901467
1151;52.50;20.50;True;False;False;False;1368;49.50;25.50;True;False;False;False;1;16.45269357057157;0;16.45269357057157;16.45269357057157
1151;52.50;20.50;True;False;False;False;1402;39.50;26.50;True;False;False;False;1;19.98795897112359;0;19.98795897112359;19.98795897112359
1196;9.50;22.50;True;False;False;False;12;61.50;3.50;False;False;True;False;1;150.85464321835389;0;150.85464321835389;150.85464321835389
1196;9.50;22.50;True;False;False;False;1136;37.50;20.50;True;False;False;False;1;26.54984199226601;0;26.54984199226601;26.54984199226601
1196;9.50;22.50;True;False;False;False;1330;11.50;25.50;True;False;False;False;1;10.04444444444448;0;10.04444444444448;10.04444444444448
1197;10.50;22.50;True;False;False;False;887;52.50;14.50;True;False;False;False;1;40.27960325558797;0;40.27960325558797;40.27960325558797
1198;11.50;22.50;True;False;False;False;28;61.50;9.50;False;False;True;False;1;155.15388169597645;0;155.15388169597645;155.15388169597645
1198;11.50;22.50;True;False;False;False;124;0.50;24.50;False;True;False;False;1;586.1418278500194;0;586.1418278500194;586.1418278500194
1198;11.50;22.50;True;False;False;False;437;42.50;4.50;True;False;False;False;1;39.72629869393131;0;39.72629869393131;39.72629869393131
1198;11.50;22.50;True;False;False;False;833;42.50;13.50;True;False;False;False;1;34.856573678698624;0;34.856573678698624;34.856573678698624
1202;15.50;22.50;True;False;False;False;124;0.50;24.50;False;True;False;False;1;582.3477769743322;0;582.3477769743322;582.3477769743322
1203;16.50;22.50;True;False;False;False;28;61.50;9.50;False;False;True;False;1;137.06083692977882;0;137.06083692977882;137.06083692977882
1203;16.50;22.50;True;False;False;False;968;45.50;16.50;True;False;False;False;1;31.537694374022976;0;31.537694374022976;31.537694374022976
1206;19.50;22.50;True;False;False;False;28;61.50;9.50;False;False;True;False;1;121.5641830420609;0;121.5641830420609;121.5641830420609
1206;19.50;22.50;True;False;False;False;60;61.50;21.50;False;False;True;False;1;149.16121609361653;0;149.16121609361653;149.16121609361653
1206;19.50;22.50;True;False;False;False;439;44.50;4.50;True;False;False;False;1;35.70314175231033;0;35.70314175231033;35.70314175231033
1206;19.50;22.50;True;False;False;False;471;32.50;5.50;True;False;False;False;1;26.466205705974062;0;26.466205705974062;26.466205705974062
1206;19.50;22.50;True;False;False;False;484;45.50;5.50;True;False;False;False;1;35.44953423765037;0;35.44953423765037;35.44953423765037
1207;20.50;22.50;True;False;False;False;60;61.50;21.50;False;False;True;False;1;115.00730801726604;0;115.00730801726604;115.00730801726604
1211;24.50;22.50;True;False;False;False;44;61.50;15.50;False;False;True;False;1;156.38212923426022;0;156.38212923426022;156.38212923426022
1212;25.50;22.50;True;False;False;False;44;61.50;15.50;False;False;True;False;1;56.3927809725169;0;56.3927809725169;56.3927809725169
1212;25.50;22.50;True;False;False;False;124;0.50;24.50;False;True;False;False;1;593.920713563286;0;593.920713563286;593.920713563286
1212;25.50;22.50;True;False;False;False;734;31.50;11.50;True;False;False;False;1;20.426404479854682;0;20.426404479854682;20.426404479854682
1212;25.50;22.50;True;False;False;False;822;31.50;13.50;True;False;False;False;1;17.624444444445544;0;17.624444444445544;17.624444444445544
1213;26.50;22.50;True;False;False;False;60;61.50;21.50;False;False;True;False;1;109.1238433021208;0;109.1238433021208;109.1238433021208
1213;26.50;22.50;True;False;False;False;108;0.50;18.50;False;True;False;False;1;561.3710445034885;0;561.3710445034885;561.3710445034885
1213;26.50;22.50;True;False;False;False;821;30.50;13.50;True;False;False;False;1;15.950180389907473;0;15.950180389907473;15.950180389907473
1213;26.50;22.50;True;False;False;False;998;31.50;17.50;True;False;False;False;1;14.082683986365737;0;14.082683986365737;14.082683986365737
1214;27.50;22.50;True;False;False;False;12;61.50;3.50;False;False;True;False;1;164.133667959366;0;164.133667959366;164.133667959366
1214;27.50;22.50;True;False;False;False;60;61.50;21.50;False;False;True;False;1;81.18231681707766;0;81.18231681707766;81.18231681707766
1214;27.50;22.50;True;False;False;False;822;31.50;13.50;True;False;False;False;1;15.994333072478184;0;15.994333072478184;15.994333072478184
1214;27.50;22.50;True;False;False;False;1216;29.50;22.50;True;False;False;False;1;4.93666666666104;0;4.93666666666104;4.93666666666104
1216;29.50;22.50;True;False;False;False;12;61.50;3.50;False;False;True;False;2;132.04998240995974;1385.444123663122;105.73036877617778;158.3695960437417
1216;29.50;22.50;True;False;False;False;60;61.50;21.50;False;False;True;False;1;97.23609594089794;0;97.23609594089794;97.23609594089794
1216;29.50;22.50;True;False;False;False;821;30.50;13.50;True;False;False;False;1;13.361850251305441;0;13.361850251305441;13.361850251305441
1216;29.50;22.50;True;False;False;False;822;31.50;13.50;True;False;False;False;1;16.835093791414693;0;16.835093791414693;16.835093791414693
1216;29.50;22.50;True;False;False;False;1101;46.50;19.50;True;False;False;False;1;21.680735945459674;0;21.680735945459674;21.680735945459674
1217;30.50;22.50;True;False;False;False;44;61.50;15.50;False;False;True;False;1;224.66120702926855;0;224.66120702926855;224.66120702926855
1217;30.50;22.50;True;False;False;False;124;0.50;24.50;False;True;False;False;2;578.8940127798236;176.65509480972037;569.4957391402204;588.2922864194268
1217;30.50;22.50;True;False;False;False;820;29.50;13.50;True;False;False;False;2;14.37472262395022;3.144020315103875;13.120924331738934;15.628520916161506
1217;30.50;22.50;True;False;False;False;1276;45.50;23.50;True;False;False;False;1;17.00267359870486;0;17.00267359870486;17.00267359870486
1218;31.50;22.50;True;False;False;False;28;61.50;9.50;False;False;True;False;2;74.91269117928255;528.0830009400723;58.663337331512594;91.1620450270525
1218;31.50;22.50;True;False;False;False;44;61.50;15.50;False;False;True;False;1;136.46582732651223;0;136.46582732651223;136.46582732651223
1218;31.50;22.50;True;False;False;False;822;31.50;13.50;True;False;False;False;1;11.131272313603404;0;11.131272313603404;11.131272313603404
1218;31.50;22.50;True;False;False;False;1393;30.50;26.50;True;False;False;False;1;9.256757263346117;0;9.256757263346117;9.256757263346117
1218;31.50;22.50;True;False;False;False;1413;50.50;26.50;True;False;False;False;1;22.38122089525632;0;22.38122089525632;22.38122089525632
1219;32.50;22.50;True;False;False;False;12;61.50;3.50;False;False;True;False;1;84.43361070938045;0;84.43361070938045;84.43361070938045
1219;32.50;22.50;True;False;False;False;60;61.50;21.50;False;False;True;False;4;100.13966625972853;237.63204825428377;83.09897548737717;116.0365254170083
1219;32.50;22.50;True;False;False;False;124;0.50;24.50;False;True;False;False;1;580.4797489853045;0;580.4797489853045;580.4797489853045
1219;32.50;22.50;True;False;False;False;733;30.50;11.50;True;False;False;False;1;22.816398354963894;0;22.816398354963894;22.816398354963894
1219;32.50;22.50;True;False;False;False;820;29.50;13.50;True;False;False;False;1;18.31277377958577;0;18.31277377958577;18.31277377958577
1219;32.50;22.50;True;False;False;False;865;30.50;14.50;True;False;False;False;1;14.325954190318953;0;14.325954190318953;14.325954190318953
1219;32.50;22.50;True;False;False;False;1095;40.50;19.50;True;False;False;False;1;15.30834052625869;0;15.30834052625869;15.30834052625869
1219;32.50;22.50;True;False;False;False;1258;27.50;23.50;True;False;False;False;1;10.133333333331393;0;10.133333333331393;10.133333333331393
1219;32.50;22.50;True;False;False;False;1361;42.50;25.50;True;False;False;False;1;15.544442053163948;0;15.544442053163948;15.544442053163948
1221;34.50;22.50;True;False;False;False;60;61.50;21.50;False;False;True;False;1;79.28288868752861;0;79.28288868752861;79.28288868752861
1221;34.50;22.50;True;False;False;False;822;31.50;13.50;True;False;False;False;1;14.721728828966661;0;14.721728828966661;14.721728828966661
1222;35.50;22.50;True;False;False;False;60;61.50;21.50;False;False;True;False;1;68.6368462531209;0;68.6368462531209;68.6368462531209
1222;35.50;22.50;True;False;False;False;124;0.50;24.50;False;True;False;False;1;587.0090553556765;0;587.0090553556765;587.0090553556765
1222;35.50;22.50;True;False;False;False;1129;30.50;20.50;True;False;False;False;1;12.337777777778683;0;12.337777777778683;12.337777777778683
1222;35.50;22.50;True;False;False;False;1140;41.50;20.50;True;False;False;False;1;12.537814886516571;0;12.537814886516571;12.537814886516571
1224;37.50;22.50;True;False;False;False;28;61.50;9.50;False;False;True;False;3;87.85624957541738;272.2545541633917;71.68205489481625;104.66407647171854
1224;37.50;22.50;True;False;False;False;44;61.50;15.50;False;False;True;False;2;77.51141713607376;84.9331630520631;70.99477831486911;84.02805595727841
1224;37.50;22.50;True;False;False;False;820;29.50;13.50;True;False;False;False;1;18.830454571227165;0;18.830454571227165;18.830454571227165
1224;37.50;22.50;True;False;False;False;821;30.50;13.50;True;False;False;False;1;29.115986156739382;0;29.115986156739382;29.115986156739382
1224;37.50;22.50;True;False;False;False;822;31.50;13.50;True;False;False;False;1;16.926859051127394;0;16.926859051127394;16.926859051127394
1224;37.50;22.50;True;False;False;False;1106;51.50;19.50;True;False;False;False;1;19.201663471935717;0;19.201663471935717;19.201663471935717
1224;37.50;22.50;True;False;False;False;1237;50.50;22.50;True;False;False;False;1;12.518701306060393;0;12.518701306060393;12.518701306060393
1226;39.50;22.50;True;False;False;False;12;61.50;3.50;False;False;True;False;1;86.5402813742221;0;86.5402813742221;86.5402813742221
1226;39.50;22.50;True;False;False;False;44;61.50;15.50;False;False;True;False;2;101.1130996582433;372.6174459833695;87.4636043198916;114.762594996595
1226;39.50;22.50;True;False;False;False;60;61.50;21.50;False;False;True;False;1;97.1166482826884;0;97.1166482826884;97.1166482826884
1226;39.50;22.50;True;False;False;False;124;0.50;24.50;False;True;False;False;1;540.0020897723189;0;540.0020897723189;540.0020897723189
1226;39.50;22.50;True;False;False;False;820;29.50;13.50;True;False;False;False;1;20.604066887521185;0;20.604066887521185;20.604066887521185
1226;39.50;22.50;True;False;False;False;821;30.50;13.50;True;False;False;False;2;19.365090998393498;0.7282649818036291;18.761657082457532;19.968524914329464
1226;39.50;22.50;True;False;False;False;835;44.50;13.50;True;False;False;False;1;17.838795097464754;0;17.838795097464754;17.838795097464754
1226;39.50;22.50;True;False;False;False;1138;39.50;20.50;True;False;False;False;1;5.375;0;5.375;5.375
1226;39.50;22.50;True;False;False;False;1369;50.50;25.50;True;False;False;False;1;16.048705304241594;0;16.048705304241594;16.048705304241594
1227;40.50;22.50;True;False;False;False;44;61.50;15.50;False;False;True;False;1;177.30824354009383;0;177.30824354009383;177.30824354009383
1227;40.50;22.50;True;False;False;False;60;61.50;21.50;False;False;True;False;1;145.12383532475178;0;145.12383532475178;145.12383532475178
1227;40.50;22.50;True;False;False;False;92;0.50;12.50;False;True;False;False;1;266.0631364117962;0;266.0631364117962;266.0631364117962
1227;40.50;22.50;True;False;False;False;612;41.50;8.50;True;False;False;False;1;16.649170263130145;0;16.649170263130145;16.649170263130145
1227;40.50;22.50;True;False;False;False;733;30.50;11.50;True;False;False;False;1;29.348520112704136;0;29.348520112704136;29.348520112704136
1227;40.50;22.50;True;False;False;False;1389;26.50;26.50;True;False;False;False;1;18.90380709198871;0;18.90380709198871;18.90380709198871
1228;41.50;22.50;True;False;False;False;60;61.50;21.50;False;False;True;False;1;89.16045615904295;0;89.16045615904295;89.16045615904295
1228;41.50;22.50;True;False;False;False;1218;31.50;22.50;True;False;False;False;1;10.58464241492129;0;10.58464241492129;10.58464241492129
1229;42.50;22.50;True;False;False;False;44;61.50;15.50;False;False;True;False;2;95.38319664440792;1292.046856729181;69.96620570597088;120.80018758284496
1229;42.50;22.50;True;False;False;False;60;61.50;21.50;False;False;True;False;1;120.33277858123165;0;120.33277858123165;120.33277858123165
1229;42.50;22.50;True;False;False;False;821;30.50;13.50;True;False;False;False;2;21.922500401725074;0.0015432098765740879;21.89472262394702;21.95027817950313
1229;42.50;22.50;True;False;False;False;1233;46.50;22.50;True;False;False;False;1;6.321201707788532;0;6.321201707788532;6.321201707788532
1231;44.50;22.50;True;False;False;False;44;61.50;15.50;False;False;True;False;1;94.88963602547119;0;94.88963602547119;94.88963602547119
1231;44.50;22.50;True;False;False;False;60;61.50;21.50;False;False;True;False;2;170.63507113614742;2192.0813378793923;137.528566202227;203.74157607006782
1231;44.50;22.50;True;False;False;False;92;0.50;12.50;False;True;False;False;1;256.9126325299221;0;256.9126325299221;256.9126325299221
1231;44.50;22.50;True;False;False;False;108;0.50;18.50;False;True;False;False;1;306.8525577660221;0;306.8525577660221;306.8525577660221
1231;44.50;22.50;True;False;False;False;821;30.50;13.50;True;False;False;False;1;23.082236607955565;0;23.082236607955565;23.082236607955565
1231;44.50;22.50;True;False;False;False;822;31.50;13.50;True;False;False;False;1;21.677691179291287;0;21.677691179291287;21.677691179291287
1231;44.50;22.50;True;False;False;False;851;16.50;14.50;True;False;False;False;1;31.81162135606428;0;31.81162135606428;31.81162135606428
1231;44.50;22.50;True;False;False;False;972;49.50;16.50;True;False;False;False;1;13.94394514691885;0;13.94394514691885;13.94394514691885
1231;44.50;22.50;True;False;False;False;988;21.50;17.50;True;False;False;False;1;26.574453244282267;0;26.574453244282267;26.574453244282267
1232;45.50;22.50;True;False;False;False;44;61.50;15.50;False;False;True;False;1;181.30370930243316;0;181.30370930243316;181.30370930243316
1232;45.50;22.50;True;False;False;False;60;61.50;21.50;False;False;True;False;1;149.6522110311671;0;149.6522110311671;149.6522110311671
1232;45.50;22.50;True;False;False;False;92;0.50;12.50;False;True;False;False;1;274.90833494024264;0;274.90833494024264;274.90833494024264
1232;45.50;22.50;True;False;False;False;124;0.50;24.50;False;True;False;False;1;547.4221236291678;0;547.4221236291678;547.4221236291678
1232;45.50;22.50;True;False;False;False;734;31.50;11.50;True;False;False;False;1;23.68757661255904;0;23.68757661255904;23.68757661255904
1232;45.50;22.50;True;False;False;False;821;30.50;13.50;True;False;False;False;1;22.472590998403575;0;22.472590998403575;22.472590998403575
1232;45.50;22.50;True;False;False;False;823;32.50;13.50;True;False;False;False;1;22.531288306267015;0;22.531288306267015;22.531288306267015
1232;45.50;22.50;True;False;False;False;1102;47.50;19.50;True;False;False;False;1;11.14842712474092;0;11.14842712474092;11.14842712474092
1233;46.50;22.50;True;False;False;False;28;61.50;9.50;False;False;True;False;1;96.77720303479873;0;96.77720303479873;96.77720303479873
1233;46.50;22.50;True;False;False;False;44;61.50;15.50;False;False;True;False;1;104.44176525970397;0;104.44176525970397;104.44176525970397
1233;46.50;22.50;True;False;False;False;60;61.50;21.50;False;False;True;False;5;83.63094819778007;310.2865083162736;65.06722300660476;107.13398667848605
1233;46.50;22.50;True;False;False;False;108;0.50;18.50;False;True;False;False;2;544.5511809038862;1.4056993759306997;543.7128195927767;545.3895422149958
1233;46.50;22.50;True;False;False;False;307;44.50;1.50;True;False;False;False;1;25.502222222221462;0;25.502222222221462;25.502222222221462
1233;46.50;22.50;True;False;False;False;734;31.50;11.50;True;False;False;False;1;29.409906208591565;0;29.409906208591565;29.409906208591565
1233;46.50;22.50;True;False;False;False;821;30.50;13.50;True;False;False;False;3;25.604509369686184;7.329672799302877;23.396302692101017;28.625
1233;46.50;22.50;True;False;False;False;822;31.50;13.50;True;False;False;False;1;23.80008579499554;0;23.80008579499554;23.80008579499554
1233;46.50;22.50;True;False;False;False;864;29.50;14.50;True;False;False;False;1;27.409080469901255;0;27.409080469901255;27.409080469901255
1233;46.50;22.50;True;False;False;False;959;36.50;16.50;True;False;False;False;1;17.862123629169673;0;17.862123629169673;17.862123629169673
1233;46.50;22.50;True;False;False;False;1214;27.50;22.50;True;False;False;False;1;17.101762849368242;0;17.101762849368242;17.101762849368242
1234;47.50;22.50;True;False;False;False;12;61.50;3.50;False;False;True;False;1;138.1893538477416;0;138.1893538477416;138.1893538477416
1234;47.50;22.50;True;False;False;False;28;61.50;9.50;False;False;True;False;2;80.67591527206241;52.76789732315292;75.53938447184555;85.81244607227927
1234;47.50;22.50;True;False;False;False;44;61.50;15.50;False;False;True;False;1;106.37861151283744;0;106.37861151283744;106.37861151283744
1234;47.50;22.50;True;False;False;False;60;61.50;21.50;False;False;True;False;3;88.08118580667663;343.1406184504949;70.26022221526546;107.23620570596177
1234;47.50;22.50;True;False;False;False;706;47.50;10.50;True;False;False;False;1;11.95761657535445;0;11.95761657535445;11.95761657535445
1234;47.50;22.50;True;False;False;False;733;30.50;11.50;True;False;False;False;1;48.66343431767018;0;48.66343431767018;48.66343431767018
1234;47.50;22.50;True;False;False;False;802;11.50;13.50;True;False;False;False;1;37.63583692979046;0;37.63583692979046;37.63583692979046
1234;47.50;22.50;True;False;False;False;821;30.50;13.50;True;False;False;False;1;23.972219027476967;0;23.972219027476967;23.972219027476967
1234;47.50;22.50;True;False;False;False;822;31.50;13.50;True;False;False;False;1;24.547958167680918;0;24.547958167680918;24.547958167680918
1234;47.50;22.50;True;False;False;False;823;32.50;13.50;True;False;False;False;1;24.335649346961873;0;24.335649346961873;24.335649346961873
1234;47.50;22.50;True;False;False;False;1387;24.50;26.50;True;False;False;False;1;25.608888888895308;0;25.608888888895308;25.608888888895308
1236;49.50;22.50;True;False;False;False;28;61.50;9.50;False;False;True;False;1;79.98168904890917;0;79.98168904890917;79.98168904890917
1236;49.50;22.50;True;False;False;False;44;61.50;15.50;False;False;True;False;1;101.15454223404095;0;101.15454223404095;101.15454223404095
1236;49.50;22.50;True;False;False;False;60;61.50;21.50;False;False;True;False;3;99.3566092021559;30.418450140090126;93.11621209544319;103.57750439991014
1236;49.50;22.50;True;False;False;False;579;52.50;7.50;True;False;False;False;1;19.98204502705812;0;19.98204502705812;19.98204502705812
1236;49.50;22.50;True;False;False;False;821;30.50;13.50;True;False;False;False;1;34.6072254169585;0;34.6072254169585;34.6072254169585
1236;49.50;22.50;True;False;False;False;822;31.50;13.50;True;False;False;False;1;25.157479626403074;0;25.157479626403074;25.157479626403074
1236;49.50;22.50;True;False;False;False;823;32.50;13.50;True;False;False;False;1;25.4218574442275;0;25.4218574442275;25.4218574442275
1236;49.50;22.50;True;False;False;False;1233;46.50;22.50;True;False;False;False;1;5.008333333331393;0;5.008333333331393;5.008333333331393
1237;50.50;22.50;True;False;False;False;12;61.50;3.50;False;False;True;False;1;217.66435465121785;0;217.66435465121785;217.66435465121785
1237;50.50;22.50;True;False;False;False;28;61.50;9.50;False;False;True;False;1;169.80337168920596;0;169.80337168920596;169.80337168920596
1237;50.50;22.50;True;False;False;False;44;61.50;15.50;False;False;True;False;1;91.39723156117634;0;91.39723156117634;91.39723156117634
1237;50.50;22.50;True;False;False;False;60;61.50;21.50;False;False;True;False;3;137.80203571066218;8964.63650252448;76.1552685953011;246.82000719290954
1237;50.50;22.50;True;False;False;False;92;0.50;12.50;False;True;False;False;1;251.4177583540186;0;251.4177583540186;251.4177583540186
1237;50.50;22.50;True;False;False;False;310;47.50;1.50;True;False;False;False;1;22.465836929794932;0;22.465836929794932;22.465836929794932
1237;50.50;22.50;True;False;False;False;690;31.50;10.50;True;False;False;False;1;33.0548998191163;0;33.0548998191163;33.0548998191163
1237;50.50;22.50;True;False;False;False;733;30.50;11.50;True;False;False;False;1;28.172722342240377;0;28.172722342240377;28.172722342240377
1237;50.50;22.50;True;False;False;False;821;30.50;13.50;True;False;False;False;1;27.18564561333551;0;27.18564561333551;27.18564561333551
1237;50.50;22.50;True;False;False;False;864;29.50;14.50;True;False;False;False;1;26.183982680303416;0;26.183982680303416;26.183982680303416
1237;50.50;22.50;True;False;False;False;1107;52.50;19.50;True;False;False;False;1;11.30231281889428;0;11.30231281889428;11.30231281889428
1237;50.50;22.50;True;False;False;False;1276;45.50;23.50;True;False;False;False;1;10.141486276766955;0;10.141486276766955;10.141486276766955
1238;51.50;22.50;True;False;False;False;28;61.50;9.50;False;False;True;False;1;101.0292504721483;0;101.0292504721483;101.0292504721483
1238;51.50;22.50;True;False;False;False;60;61.50;21.50;False;False;True;False;2;94.3044438816396;5214.775303252714;43.24185824767119;145.367029515608
1238;51.50;22.50;True;False;False;False;76;0.50;6.50;False;True;False;False;1;553.2038694560069;0;553.2038694560069;553.2038694560069
1238;51.50;22.50;True;False;False;False;887;52.50;14.50;True;False;False;False;1;14.533798292208303;0;14.533798292208303;14.533798292208303
1238;51.50;22.50;True;False;False;False;1106;51.50;19.50;True;False;False;False;1;5.615940324481585;0;5.615940324481585;5.615940324481585
1238;51.50;22.50;True;False;False;False;1364;45.50;25.50;True;False;False;False;1;13.400829736870946;0;13.400829736870946;13.400829736870946
1238;51.50;22.50;True;False;False;False;1414;51.50;26.50;True;False;False;False;1;6.406955555979948;0;6.406955555979948;6.406955555979948
1239;52.50;22.50;True;False;False;False;44;61.50;15.50;False;False;True;False;1;93.7282744158183;0;93.7282744158183;93.7282744158183
1239;52.50;22.50;True;False;False;False;60;61.50;21.50;False;False;True;False;13;72.87816917526968;434.7684802285021;31.27833333333365;107.25371569188428
1239;52.50;22.50;True;False;False;False;124;0.50;24.50;False;True;False;False;1;585.3784287506714;0;585.3784287506714;585.3784287506714
1239;52.50;22.50;True;False;False;False;347;40.50;2.50;True;False;False;False;1;51.76222141877133;0;51.76222141877133;51.76222141877133
1239;52.50;22.50;True;False;False;False;447;52.50;4.50;True;False;False;False;1;16.271851054757008;0;16.271851054757008;16.271851054757008
1239;52.50;22.50;True;False;False;False;733;30.50;11.50;True;False;False;False;1;30.11555875029105;0;30.11555875029105;30.11555875029105
1239;52.50;22.50;True;False;False;False;820;29.50;13.50;True;False;False;False;1;28.187126823911967;0;28.187126823911967;28.187126823911967
1239;52.50;22.50;True;False;False;False;821;30.50;13.50;True;False;False;False;1;27.8846320272678;0;27.8846320272678;27.8846320272678
1239;52.50;22.50;True;False;False;False;822;31.50;13.50;True;False;False;False;1;27.281854249491516;0;27.281854249491516;27.281854249491516
1239;52.50;22.50;True;False;False;False;823;32.50;13.50;True;False;False;False;1;26.732503596460447;0;26.732503596460447;26.732503596460447
1239;52.50;22.50;True;False;False;False;975;52.50;16.50;True;False;False;False;1;11.133888888889032;0;11.133888888889032;11.133888888889032
1239;52.50;22.50;True;False;False;False;1105;50.50;19.50;True;False;False;False;1;10.178333333334194;0;10.178333333334194;10.178333333334194
1239;52.50;22.50;True;False;False;False;1140;41.50;20.50;True;False;False;False;1;15.453221961372037;0;15.453221961372037;15.453221961372037
1239;52.50;22.50;True;False;False;False;1198;11.50;22.50;True;False;False;False;1;32.211204902523605;0;32.211204902523605;32.211204902523605
1239;52.50;22.50;True;False;False;False;1234;47.50;22.50;True;False;False;False;2;7.081482680301633;0.4056691006723926;6.631111111109931;7.531854249493335
1239;52.50;22.50;True;False;False;False;1353;34.50;25.50;True;False;False;False;1;21.317493208793167;0;21.317493208793167;21.317493208793167
1239;52.50;22.50;True;False;False;False;1368;49.50;25.50;True;False;False;False;1;10.964923789142631;0;10.964923789142631;10.964923789142631
1239;52.50;22.50;True;False;False;False;1410;47.50;26.50;True;False;False;False;1;12.763704500798553;0;12.763704500798553;12.763704500798553
1240;9.50;23.50;True;False;False;False;124;0.50;24.50;False;True;False;False;1;560.438865703225;0;560.438865703225;560.438865703225
1240;9.50;23.50;True;False;False;False;969;46.50;16.50;True;False;False;False;1;36.691406890257895;0;36.691406890257895;36.691406890257895
1241;10.50;23.50;True;False;False;False;12;61.50;3.50;False;False;True;False;1;124.89405166007214;0;124.89405166007214;124.89405166007214
1241;10.50;23.50;True;False;False;False;1394;31.50;26.50;True;False;False;False;1;23.2992608598056;0;23.2992608598056;23.2992608598056
1241;10.50;23.50;True;False;False;False;1398;35.50;26.50;True;False;False;False;1;26.021763652814684;0;26.021763652814684;26.021763652814684
1246;15.50;23.50;True;False;False;False;28;61.50;9.50;False;False;True;False;1;91.7182693625764;0;91.7182693625764;91.7182693625764
1246;15.50;23.50;True;False;False;False;44;61.50;15.50;False;False;True;False;1;87.95879509746919;0;87.95879509746919;87.95879509746919
1246;15.50;23.50;True;False;False;False;748;45.50;11.50;True;False;False;False;1;34.951385292422856;0;34.951385292422856;34.951385292422856
1246;15.50;23.50;True;False;False;False;1265;34.50;23.50;True;False;False;False;1;16.009638416742746;0;16.009638416742746;16.009638416742746
1247;16.50;23.50;True;False;False;False;28;61.50;9.50;False;False;True;False;1;59.05109408860153;0;59.05109408860153;59.05109408860153
1247;16.50;23.50;True;False;False;False;1283;52.50;23.50;True;False;False;False;1;27.778611512834686;0;27.778611512834686;27.778611512834686
1248;17.50;23.50;True;False;False;False;44;61.50;15.50;False;False;True;False;1;53.90168105250268;0;53.90168105250268;53.90168105250268
1248;17.50;23.50;True;False;False;False;1217;30.50;22.50;True;False;False;False;1;15.236854249495082;0;15.236854249495082;15.236854249495082
1251;20.50;23.50;True;False;False;False;60;61.50;21.50;False;False;True;False;2;84.79663362291012;858.5330764368885;64.07788515157517;105.51538209424507
1251;20.50;23.50;True;False;False;False;124;0.50;24.50;False;True;False;False;1;46.8065760699892;0;46.8065760699892;46.8065760699892
1251;20.50;23.50;True;False;False;False;308;45.50;1.50;True;False;False;False;1;38.716844929651415;0;38.716844929651415;38.716844929651415
1251;20.50;23.50;True;False;False;False;954;31.50;16.50;True;False;False;False;1;18.904371428365266;0;18.904371428365266;18.904371428365266
1251;20.50;23.50;True;False;False;False;1136;37.50;20.50;True;False;False;False;1;20.841298693936096;0;20.841298693936096;20.841298693936096
1252;21.50;23.50;True;False;False;False;28;61.50;9.50;False;False;True;False;1;131.35999680524765;0;131.35999680524765;131.35999680524765
1252;21.50;23.50;True;False;False;False;60;61.50;21.50;False;False;True;False;3;60.68434337826208;482.95664679713155;42.657375986225816;85.16482360825466
1252;21.50;23.50;True;False;False;False;837;46.50;13.50;True;False;False;False;1;30.626296302645642;0;30.626296302645642;30.626296302645642
1252;21.50;23.50;True;False;False;False;952;29.50;16.50;True;False;False;False;1;16.955575546446198;0;16.955575546446198;16.955575546446198
1252;21.50;23.50;True;False;False;False;1219;32.50;22.50;True;False;False;False;1;14.566486276748037;0;14.566486276748037;14.566486276748037
1252;21.50;23.50;True;False;False;False;1222;35.50;22.50;True;False;False;False;1;16.121666666665988;0;16.121666666665988;16.121666666665988
1253;22.50;23.50;True;False;False;False;60;61.50;21.50;False;False;True;False;2;93.17666506929436;568.0946031148799;76.32296216585382;110.0303679727349
1253;22.50;23.50;True;False;False;False;124;0.50;24.50;False;True;False;False;1;678.3387197091614;0;678.3387197091614;678.3387197091614
1253;22.50;23.50;True;False;False;False;973;50.50;16.50;True;False;False;False;1;30.82157287524751;0;30.82157287524751;30.82157287524751
1253;22.50;23.50;True;False;False;False;1094;39.50;19.50;True;False;False;False;1;25.08111191456146;0;25.08111191456146;25.08111191456146
1253;22.50;23.50;True;False;False;False;1151;52.50;20.50;True;False;False;False;1;29.222312015444913;0;29.222312015444913;29.222312015444913
1255;24.50;23.50;True;False;False;False;44;61.50;15.50;False;False;True;False;1;99.35844786197049;0;99.35844786197049;99.35844786197049
1255;24.50;23.50;True;False;False;False;60;61.50;21.50;False;False;True;False;4;100.15643852325229;1610.862651342606;50.81214629481383;142.72759099839823
1255;24.50;23.50;True;False;False;False;305;42.50;1.50;True;False;False;False;1;34.07944444443274;0;34.07944444443274;34.07944444443274
1255;24.50;23.50;True;False;False;False;489;50.50;5.50;True;False;False;False;1;45.08990940332478;0;45.08990940332478;45.08990940332478
1255;24.50;23.50;True;False;False;False;563;36.50;7.50;True;False;False;False;1;25.494682680313417;0;25.494682680313417;25.494682680313417
1255;24.50;23.50;True;False;False;False;833;42.50;13.50;True;False;False;False;1;25.36223660806263;0;25.36223660806263;25.36223660806263
1255;24.50;23.50;True;False;False;False;1143;44.50;20.50;True;False;False;False;1;22.837409805044445;0;22.837409805044445;22.837409805044445
1256;25.50;23.50;True;False;False;False;12;61.50;3.50;False;False;True;False;2;89.92738010720313;179.23956598768373;80.46060753182974;99.39415268257653
1256;25.50;23.50;True;False;False;False;28;61.50;9.50;False;False;True;False;1;117.75037197089478;0;117.75037197089478;117.75037197089478
1256;25.50;23.50;True;False;False;False;60;61.50;21.50;False;False;True;False;1;70.93324354009383;0;70.93324354009383;70.93324354009383
1256;25.50;23.50;True;False;False;False;442;47.50;4.50;True;False;False;False;1;35.566201707784785;0;35.566201707784785;35.566201707784785
1256;25.50;23.50;True;False;False;False;698;39.50;10.50;True;False;False;False;1;24.487316013633972;0;24.487316013633972;24.487316013633972
1256;25.50;23.50;True;False;False;False;840;49.50;13.50;True;False;False;False;1;31.0074098050427;0;31.0074098050427;31.0074098050427
1256;25.50;23.50;True;False;False;False;1239;52.50;22.50;True;False;False;False;1;24.609822804824944;0;24.609822804824944;24.609822804824944
1257;26.50;23.50;True;False;False;False;12;61.50;3.50;False;False;True;False;1;233.27028856713514;0;233.27028856713514;233.27028856713514
1257;26.50;23.50;True;False;False;False;28;61.50;9.50;False;False;True;False;1;90.90575113475597;0;90.90575113475597;90.90575113475597
1257;26.50;23.50;True;False;False;False;44;61.50;15.50;False;False;True;False;2;115.23230827726775;700.0444679587472;96.52342712474092;133.94118942979458
1257;26.50;23.50;True;False;False;False;60;61.50;21.50;False;False;True;False;2;103.43287197090285;1877.687338742353;72.79231601362335;134.07342792818235
1257;26.50;23.50;True;False;False;False;572;45.50;7.50;True;False;False;False;1;30.89537992915666;0;30.89537992915666;30.89537992915666
1257;26.50;23.50;True;False;False;False;833;42.50;13.50;True;False;False;False;1;27.173604319916194;0;27.173604319916194;27.173604319916194
1257;26.50;23.50;True;False;False;False;964;41.50;16.50;True;False;False;False;1;22.115187582825456;0;22.115187582825456;22.115187582825456
1257;26.50;23.50;True;False;False;False;1019;52.50;17.50;True;False;False;False;1;28.715830540318166;0;28.715830540318166;28.715830540318166
1257;26.50;23.50;True;False;False;False;1212;25.50;22.50;True;False;False;False;1;6.8899094033222354;0;6.8899094033222354;6.8899094033222354
1257;26.50;23.50;True;False;False;False;1405;42.50;26.50;True;False;False;False;1;21.469999999999345;0;21.469999999999345;21.469999999999345
1258;27.50;23.50;True;False;False;False;28;61.50;9.50;False;False;True;False;1;89.70083612634335;0;89.70083612634335;89.70083612634335
1258;27.50;23.50;True;False;False;False;44;61.50;15.50;False;False;True;False;1;68.93361470757281;0;68.93361470757281;68.93361470757281
1258;27.50;23.50;True;False;False;False;60;61.50;21.50;False;False;True;False;1;93.81907327696717;0;93.81907327696717;93.81907327696717
1258;27.50;23.50;True;False;False;False;571;44.50;7.50;True;False;False;False;1;29.53333333333285;0;29.53333333333285;29.53333333333285
1258;27.50;23.50;True;False;False;False;747;44.50;11.50;True;False;False;False;1;35.28065015042557;0;35.28065015042557;35.28065015042557
1261;30.50;23.50;True;False;False;False;60;61.50;21.50;False;False;True;False;1;90.2655595537326;0;90.2655595537326;90.2655595537326
1262;31.50;23.50;True;False;False;False;60;61.50;21.50;False;False;True;False;1;109.84417426131313;0;109.84417426131313;109.84417426131313
1263;32.50;23.50;True;False;False;False;44;61.50;15.50;False;False;True;False;1;136.31388408725888;0;136.31388408725888;136.31388408725888
1263;32.50;23.50;True;False;False;False;60;61.50;21.50;False;False;True;False;5;96.07000159926028;467.9234003768977;60.78629549918878;114.61009778959124
1263;32.50;23.50;True;False;False;False;733;30.50;11.50;True;False;False;False;1;17.10825073302476;0;17.10825073302476;17.10825073302476
1263;32.50;23.50;True;False;False;False;820;29.50;13.50;True;False;False;False;1;15.062636008331538;0;15.062636008331538;15.062636008331538
1263;32.50;23.50;True;False;False;False;821;30.50;13.50;True;False;False;False;1;16.951873436884853;0;16.951873436884853;16.951873436884853
1263;32.50;23.50;True;False;False;False;822;31.50;13.50;True;False;False;False;1;13.573336528073924;0;13.573336528073924;13.573336528073924
1263;32.50;23.50;True;False;False;False;1233;46.50;22.50;True;False;False;False;1;23.77342953509651;0;23.77342953509651;23.77342953509651
1263;32.50;23.50;True;False;False;False;1273;42.50;23.50;True;False;False;False;1;11.307962165868958;0;11.307962165868958;11.307962165868958
1265;34.50;23.50;True;False;False;False;28;61.50;9.50;False;False;True;False;1;83.80453823585594;0;83.80453823585594;83.80453823585594
1265;34.50;23.50;True;False;False;False;60;61.50;21.50;False;False;True;False;3;147.64247712794835;2494.40423602866;89.97732559784708;177.14733280977998
1265;34.50;23.50;True;False;False;False;124;0.50;24.50;False;True;False;False;1;600.6937994178079;0;600.6937994178079;600.6937994178079
1265;34.50;23.50;True;False;False;False;820;29.50;13.50;True;False;False;False;1;17.359446835725976;0;17.359446835725976;17.359446835725976
1265;34.50;23.50;True;False;False;False;821;30.50;13.50;True;False;False;False;1;18.185540117689015;0;18.185540117689015;18.185540117689015
1265;34.50;23.50;True;False;False;False;864;29.50;14.50;True;False;False;False;2;16.84031788228367;0.2634045450544299;16.477409805042043;17.203225959525298
1265;34.50;23.50;True;False;False;False;1333;14.50;25.50;True;False;False;False;1;22.47222222221899;0;22.47222222221899;22.47222222221899
1266;35.50;23.50;True;False;False;False;60;61.50;21.50;False;False;True;False;1;110.01500000000101;0;110.01500000000101;110.01500000000101
1266;35.50;23.50;True;False;False;False;1017;50.50;17.50;True;False;False;False;1;21.645602692187822;0;21.645602692187822;21.645602692187822
1268;37.50;23.50;True;False;False;False;60;61.50;21.50;False;False;True;False;1;107.3604553746718;0;107.3604553746718;107.3604553746718
1270;39.50;23.50;True;False;False;False;60;61.50;21.50;False;False;True;False;1;78.77059437759272;0;78.77059437759272;78.77059437759272
1272;41.50;23.50;True;False;False;False;60;61.50;21.50;False;False;True;False;1;85.06648627675986;0;85.06648627675986;85.06648627675986
1273;42.50;23.50;True;False;False;False;44;61.50;15.50;False;False;True;False;1;141.09371522965557;0;141.09371522965557;141.09371522965557
1273;42.50;23.50;True;False;False;False;60;61.50;21.50;False;False;True;False;10;88.39749895742047;644.6755539048996;54.63380229039103;142.38612071441003
1273;42.50;23.50;True;False;False;False;108;0.50;18.50;False;True;False;False;1;560.1693575906429;0;560.1693575906429;560.1693575906429
1273;42.50;23.50;True;False;False;False;124;0.50;24.50;False;True;False;False;1;542.9577945739002;0;542.9577945739002;542.9577945739002
1273;42.50;23.50;True;False;False;False;734;31.50;11.50;True;False;False;False;1;23.376565682323417;0;23.376565682323417;23.376565682323417
1273;42.50;23.50;True;False;False;False;753;50.50;11.50;True;False;False;False;1;21.27982680301693;0;21.27982680301693;21.27982680301693
1273;42.50;23.50;True;False;False;False;821;30.50;13.50;True;False;False;False;1;21.26880229039307;0;21.26880229039307;21.26880229039307
1273;42.50;23.50;True;False;False;False;823;32.50;13.50;True;False;False;False;2;20.577038235854616;0.027348641587844825;20.460100984330893;20.69397548737834
1273;42.50;23.50;True;False;False;False;864;29.50;14.50;True;False;False;False;2;21.801062456964246;0.09658448769815975;21.58130749376869;22.0208174201598
1273;42.50;23.50;True;False;False;False;970;47.50;16.50;True;False;False;False;1;15.283978682091401;0;15.283978682091401;15.283978682091401
1273;42.50;23.50;True;False;False;False;1148;49.50;20.50;True;False;False;False;1;14.027777777770098;0;14.027777777770098;14.027777777770098
1273;42.50;23.50;True;False;False;False;1228;41.50;22.50;True;False;False;False;1;7.838888888889414;0;7.838888888889414;7.838888888889414
1273;42.50;23.50;True;False;False;False;1275;44.50;23.50;True;False;False;False;1;5.138340526254979;0;5.138340526254979;5.138340526254979
1273;42.50;23.50;True;False;False;False;1365;46.50;25.50;True;False;False;False;1;10.669444444443798;0;10.669444444443798;10.669444444443798
1275;44.50;23.50;True;False;False;False;44;61.50;15.50;False;False;True;False;1;43.858225156076514;0;43.858225156076514;43.858225156076514
1275;44.50;23.50;True;False;False;False;60;61.50;21.50;False;False;True;False;5;96.38879669674616;126.65464246708322;83.26704183231232;112.06870210950547
1275;44.50;23.50;True;False;False;False;76;0.50;6.50;False;True;False;False;2;588.2210447635321;0.3980098132532394;587.7749451035606;588.6671444235035
1275;44.50;23.50;True;False;False;False;612;41.50;8.50;True;False;False;False;1;20.983982680302233;0;20.983982680302233;20.983982680302233
1275;44.50;23.50;True;False;False;False;728;25.50;11.50;True;False;False;False;1;28.28008260031129;0;28.28008260031129;28.28008260031129
1275;44.50;23.50;True;False;False;False;822;31.50;13.50;True;False;False;False;1;23.176470019508997;0;23.176470019508997;23.176470019508997
1275;44.50;23.50;True;False;False;False;1143;44.50;20.50;True;False;False;False;1;5.911302692123172;0;5.911302692123172;5.911302692123172
1275;44.50;23.50;True;False;False;False;1232;45.50;22.50;True;False;False;False;1;6.555555555551109;0;6.555555555551109;6.555555555551109
1275;44.50;23.50;True;False;False;False;1233;46.50;22.50;True;False;False;False;1;7.167316013634263;0;7.167316013634263;7.167316013634263
1275;44.50;23.50;True;False;False;False;1336;17.50;25.50;True;False;False;False;1;27.76453823585325;0;27.76453823585325;27.76453823585325
1275;44.50;23.50;True;False;False;False;1366;47.50;25.50;True;False;False;False;1;9.715184388094713;0;9.715184388094713;9.715184388094713
1276;45.50;23.50;True;False;False;False;28;61.50;9.50;False;False;True;False;1;138.46018890613777;0;138.46018890613777;138.46018890613777
1276;45.50;23.50;True;False;False;False;60;61.50;21.50;False;False;True;False;10;108.57255329946638;4086.7093983702;34.85249720698994;272.52481961008743
1276;45.50;23.50;True;False;False;False;406;11.50;4.50;True;False;False;False;1;41.91851691795091;0;41.91851691795091;41.91851691795091
1276;45.50;23.50;True;False;False;False;820;29.50;13.50;True;False;False;False;2;24.723323205614065;0.06144001971308857;24.548051959094437;24.898594452133693
1276;45.50;23.50;True;False;False;False;821;30.50;13.50;True;False;False;False;1;23.90885424762382;0;23.90885424762382;23.90885424762382
1276;45.50;23.50;True;False;False;False;822;31.50;13.50;True;False;False;False;1;23.173139361034373;0;23.173139361034373;23.173139361034373
1276;45.50;23.50;True;False;False;False;865;30.50;14.50;True;False;False;False;1;22.675555555561004;0;22.675555555561004;22.675555555561004
1276;45.50;23.50;True;False;False;False;962;39.50;16.50;True;False;False;False;1;15.609160943466122;0;15.609160943466122;15.609160943466122
1276;45.50;23.50;True;False;False;False;1012;45.50;17.50;True;False;False;False;1;7.325662125906092;0;7.325662125906092;7.325662125906092
1276;45.50;23.50;True;False;False;False;1014;47.50;17.50;True;False;False;False;1;13.318979485564341;0;13.318979485564341;13.318979485564341
1276;45.50;23.50;True;False;False;False;1221;34.50;22.50;True;False;False;False;1;14.257118505389371;0;14.257118505389371;14.257118505389371
1276;45.50;23.50;True;False;False;False;1366;47.50;25.50;True;False;False;False;1;9.257691179288486;0;9.257691179288486;9.257691179288486
1276;45.50;23.50;True;False;False;False;1368;49.50;25.50;True;False;False;False;1;11.306854249487515;0;11.306854249487515;11.306854249487515
1277;46.50;23.50;True;False;False;False;44;61.50;15.50;False;False;True;False;4;125.53511644057755;622.9620443551355;109.45676045807659;162.56231601363106
1277;46.50;23.50;True;False;False;False;60;61.50;21.50;False;False;True;False;9;99.57722783975305;1247.4574151103345;46.11862429176472;163.84780360013974
1277;46.50;23.50;True;False;False;False;76;0.50;6.50;False;True;False;False;1;577.5734039771633;0;577.5734039771633;577.5734039771633
1277;46.50;23.50;True;False;False;False;92;0.50;12.50;False;True;False;False;1;217.76834771914946;0;217.76834771914946;217.76834771914946
1277;46.50;23.50;True;False;False;False;124;0.50;24.50;False;True;False;False;1;527.8095813933915;0;527.8095813933915;527.8095813933915
1277;46.50;23.50;True;False;False;False;733;30.50;11.50;True;False;False;False;1;30.18891844493919;0;30.18891844493919;30.18891844493919
1277;46.50;23.50;True;False;False;False;734;31.50;11.50;True;False;False;False;1;29.080378360373288;0;29.080378360373288;29.080378360373288
1277;46.50;23.50;True;False;False;False;820;29.50;13.50;True;False;False;False;1;28.168423930015706;0;28.168423930015706;28.168423930015706
1277;46.50;23.50;True;False;False;False;821;30.50;13.50;True;False;False;False;4;28.038103053837858;24.76069391167531;24.431570483942778;35.20129630264273
1277;46.50;23.50;True;False;False;False;822;31.50;13.50;True;False;False;False;2;26.31356421539931;20.07136922731738;23.145649346963182;29.48147908383544
1277;46.50;23.50;True;False;False;False;823;32.50;13.50;True;False;False;False;2;25.41005781728245;6.00093839613705;23.677871569193485;27.142244065371415
1277;46.50;23.50;True;False;False;False;830;39.50;13.50;True;False;False;False;1;17.952128430810262;0;17.952128430810262;17.952128430810262
1277;46.50;23.50;True;False;False;False;864;29.50;14.50;True;False;False;False;1;31.789177456045763;0;31.789177456045763;31.789177456045763
1277;46.50;23.50;True;False;False;False;940;17.50;16.50;True;False;False;False;1;31.494444444448163;0;31.494444444448163;31.494444444448163
1277;46.50;23.50;True;False;False;False;1273;42.50;23.50;True;False;False;False;1;6.975147600977834;0;6.975147600977834;6.975147600977834
1277;46.50;23.50;True;False;False;False;1399;36.50;26.50;True;False;False;False;1;16.419444444444707;0;16.419444444444707;16.419444444444707
1278;47.50;23.50;True;False;False;False;60;61.50;21.50;False;False;True;False;7;103.14894659150016;1195.9594338772602;55.06564056622119;165.4061063285517
1278;47.50;23.50;True;False;False;False;485;46.50;5.50;True;False;False;False;1;19.55472581867798;0;19.55472581867798;19.55472581867798
1278;47.50;23.50;True;False;False;False;821;30.50;13.50;True;False;False;False;2;25.90504289751334;0.05374778803492061;25.741110307655617;26.068975487371063
1278;47.50;23.50;True;False;False;False;823;32.50;13.50;True;False;False;False;1;23.58676045807897;0;23.58676045807897;23.58676045807897
1278;47.50;23.50;True;False;False;False;864;29.50;14.50;True;False;False;False;1;24.427962165869758;0;24.427962165869758;24.427962165869758
1278;47.50;23.50;True;False;False;False;969;46.50;16.50;True;False;False;False;1;20.633805485127596;0;20.633805485127596;20.633805485127596
1278;47.50;23.50;True;False;False;False;1255;24.50;23.50;True;False;False;False;1;19.11629549920235;0;19.11629549920235;19.11629549920235
1280;49.50;23.50;True;False;False;False;12;61.50;3.50;False;False;True;False;1;104.5873580304069;0;104.5873580304069;104.5873580304069
1280;49.50;23.50;True;False;False;False;44;61.50;15.50;False;False;True;False;2;119.52695163735916;1895.2489914512614;88.74344151057812;150.3104617641402
1280;49.50;23.50;True;False;False;False;60;61.50;21.50;False;False;True;False;2;78.28438914110643;362.18019852247244;64.8274169979668;91.74136128424607
1280;49.50;23.50;True;False;False;False;92;0.50;12.50;False;True;False;False;1;263.03963922017283;0;263.03963922017283;263.03963922017283
1280;49.50;23.50;True;False;False;False;108;0.50;18.50;False;True;False;False;2;572.532235020175;160.92260239009846;563.5622126570452;581.5022573833048
1280;49.50;23.50;True;False;False;False;606;35.50;8.50;True;False;False;False;1;26.878892887089023;0;26.878892887089023;26.878892887089023
1280;49.50;23.50;True;False;False;False;734;31.50;11.50;True;False;False;False;1;31.8241702631276;0;31.8241702631276;31.8241702631276
1280;49.50;23.50;True;False;False;False;820;29.50;13.50;True;False;False;False;1;30.337597387862843;0;30.337597387862843;30.337597387862843
1280;49.50;23.50;True;False;False;False;821;30.50;13.50;True;False;False;False;1;26.227777777774463;0;26.227777777774463;26.227777777774463
1280;49.50;23.50;True;False;False;False;822;31.50;13.50;True;False;False;False;1;25.92935065302845;0;25.92935065302845;25.92935065302845
1280;49.50;23.50;True;False;False;False;823;32.50;13.50;True;False;False;False;1;25.031010126773253;0;25.031010126773253;25.031010126773253
1280;49.50;23.50;True;False;False;False;1145;46.50;20.50;True;False;False;False;1;16.95122513894603;0;16.95122513894603;16.95122513894603
1280;49.50;23.50;True;False;False;False;1368;49.50;25.50;True;False;False;False;1;5.282780972512228;0;5.282780972512228;5.282780972512228
1281;50.50;23.50;True;False;False;False;12;61.50;3.50;False;False;True;False;1;161.5522046416536;0;161.5522046416536;161.5522046416536
1281;50.50;23.50;True;False;False;False;44;61.50;15.50;False;False;True;False;2;118.00546683521634;36.60800767235108;113.72714896061007;122.28378470982261
1281;50.50;23.50;True;False;False;False;820;29.50;13.50;True;False;False;False;1;37.60148627676517;0;37.60148627676517;37.60148627676517
1281;50.50;23.50;True;False;False;False;821;30.50;13.50;True;False;False;False;1;36.81578444348088;0;36.81578444348088;36.81578444348088
1281;50.50;23.50;True;False;False;False;1151;52.50;20.50;True;False;False;False;1;10.140277376071026;0;10.140277376071026;10.140277376071026
1282;51.50;23.50;True;False;False;False;44;61.50;15.50;False;False;True;False;1;103.89782041535727;0;103.89782041535727;103.89782041535727
1282;51.50;23.50;True;False;False;False;60;61.50;21.50;False;False;True;False;5;81.61995033203956;530.3796223686757;55.47222222221899;102.11453104293469
1282;51.50;23.50;True;False;False;False;92;0.50;12.50;False;True;False;False;1;256.907979746411;0;256.907979746411;256.907979746411
1282;51.50;23.50;True;False;False;False;733;30.50;11.50;True;False;False;False;2;34.98476232671419;57.17061177671429;29.638239541916846;40.331285111511534
1282;51.50;23.50;True;False;False;False;821;30.50;13.50;True;False;False;False;2;28.558192646210955;0.10422939521346404;28.329906208578905;28.786479083843005
1282;51.50;23.50;True;False;False;False;822;31.50;13.50;True;False;False;False;2;27.605621761463226;0.0010384928493106104;27.582834782184364;27.62840874074209
1282;51.50;23.50;True;False;False;False;1361;42.50;25.50;True;False;False;False;1;15.107034639408084;0;15.107034639408084;15.107034639408084
1283;52.50;23.50;True;False;False;False;44;61.50;15.50;False;False;True;False;2;86.78808193595705;32.019479439126854;82.78686465623286;90.78929921568124
1283;52.50;23.50;True;False;False;False;60;61.50;21.50;False;False;True;False;4;100.3008984122032;618.3307859127469;76.09194804090293;132.9750783186828
1283;52.50;23.50;True;False;False;False;76;0.50;6.50;False;True;False;False;1;572.4984619969582;0;572.4984619969582;572.4984619969582
1283;52.50;23.50;True;False;False;False;124;0.50;24.50;False;True;False;False;2;585.5077376827721;302.52813460043456;573.2087919027381;597.8066834628062
1283;52.50;23.50;True;False;False;False;312;49.50;1.50;True;False;False;False;1;38.838990676660615;0;38.838990676660615;38.838990676660615
1283;52.50;23.50;True;False;False;False;733;30.50;11.50;True;False;False;False;1;29.56981241717429;0;29.56981241717429;29.56981241717429
1283;52.50;23.50;True;False;False;False;820;29.50;13.50;True;False;False;False;1;33.66361470756783;0;33.66361470756783;33.66361470756783
1283;52.50;23.50;True;False;False;False;822;31.50;13.50;True;False;False;False;2;27.32601691797072;0.07903866212041842;27.127222222216005;27.524811613725433
1283;52.50;23.50;True;False;False;False;823;32.50;13.50;True;False;False;False;1;27.509632027271437;0;27.509632027271437;27.509632027271437
1283;52.50;23.50;True;False;False;False;864;29.50;14.50;True;False;False;False;1;28.70879190273081;0;28.70879190273081;28.70879190273081
1283;52.50;23.50;True;False;False;False;865;30.50;14.50;True;False;False;False;3;27.834910474596654;0.07005202025548495;27.67148868712775;28.140277376054655
1328;9.50;25.50;True;False;False;False;44;61.50;15.50;False;False;True;False;2;153.86276658671068;4820.926946494761;104.7662954991938;202.95923767422755
1328;9.50;25.50;True;False;False;False;616;45.50;8.50;True;False;False;False;1;42.595833735045744;0;42.595833735045744;42.595833735045744
1328;9.50;25.50;True;False;False;False;701;42.50;10.50;True;False;False;False;1;40.52342712474092;0;40.52342712474092;40.52342712474092
1329;10.50;25.50;True;False;False;False;28;61.50;9.50;False;False;True;False;2;115.48134639308591;1943.8939599271268;84.30528217767278;146.65741060849905
1329;10.50;25.50;True;False;False;False;752;49.50;11.50;True;False;False;False;1;43.545649346968275;0;43.545649346968275;43.545649346968275
1329;10.50;25.50;True;False;False;False;1014;47.50;17.50;True;False;False;False;1;37.05640048170244;0;37.05640048170244;37.05640048170244
1330;11.50;25.50;True;False;False;False;124;0.50;24.50;False;True;False;False;1;616.3936291124886;0;616.3936291124886;616.3936291124886
1330;11.50;25.50;True;False;False;False;1217;30.50;22.50;True;False;False;False;1;21.87611111111073;0;21.87611111111073;21.87611111111073
1331;12.50;25.50;True;False;False;False;28;61.50;9.50;False;False;True;False;1;62.97834079076529;0;62.97834079076529;62.97834079076529
1331;12.50;25.50;True;False;False;False;44;61.50;15.50;False;False;True;False;1;71.45254114888667;0;71.45254114888667;71.45254114888667
1331;12.50;25.50;True;False;False;False;60;61.50;21.50;False;False;True;False;1;62.040478541268385;0;62.040478541268385;62.040478541268385
1331;12.50;25.50;True;False;False;False;295;32.50;1.50;True;False;False;False;1;36.85292191965527;0;36.85292191965527;36.85292191965527
1331;12.50;25.50;True;False;False;False;551;24.50;7.50;True;False;False;False;1;27.988226762969134;0;27.988226762969134;27.988226762969134
1331;12.50;25.50;True;False;False;False;554;27.50;7.50;True;False;False;False;1;29.881389290618245;0;29.881389290618245;29.881389290618245
1333;14.50;25.50;True;False;False;False;60;61.50;21.50;False;False;True;False;1;63.55748601587402;0;63.55748601587402;63.55748601587402
1333;14.50;25.50;True;False;False;False;1013;46.50;17.50;True;False;False;False;1;33.30453504111392;0;33.30453504111392;33.30453504111392
1334;15.50;25.50;True;False;False;False;28;61.50;9.50;False;False;True;False;1;122.31333733151769;0;122.31333733151769;122.31333733151769
1334;15.50;25.50;True;False;False;False;60;61.50;21.50;False;False;True;False;1;85.57897948555183;0;85.57897948555183;85.57897948555183
1334;15.50;25.50;True;False;False;False;830;39.50;13.50;True;False;False;False;1;30.92795816766011;0;30.92795816766011;30.92795816766011
1334;15.50;25.50;True;False;False;False;1226;39.50;22.50;True;False;False;False;1;26.40101012677769;0;26.40101012677769;26.40101012677769
1335;16.50;25.50;True;False;False;False;12;61.50;3.50;False;False;True;False;2;107.9313928870738;504.63733844564285;92.04685105475073;123.81593471939686
1335;16.50;25.50;True;False;False;False;44;61.50;15.50;False;False;True;False;1;150.57167066482543;0;150.57167066482543;150.57167066482543
1335;16.50;25.50;True;False;False;False;60;61.50;21.50;False;False;True;False;1;83.98106475889108;0;83.98106475889108;83.98106475889108
1335;16.50;25.50;True;False;False;False;600;29.50;8.50;True;False;False;False;1;28.66657367870448;0;28.66657367870448;28.66657367870448
1335;16.50;25.50;True;False;False;False;752;49.50;11.50;True;False;False;False;1;38.95897548737412;0;38.95897548737412;38.95897548737412
1335;16.50;25.50;True;False;False;False;962;39.50;16.50;True;False;False;False;1;28.341576069993607;0;28.341576069993607;28.341576069993607
1335;16.50;25.50;True;False;False;False;1232;45.50;22.50;True;False;False;False;1;27.806301888673033;0;27.806301888673033;27.806301888673033
1335;16.50;25.50;True;False;False;False;1283;52.50;23.50;True;False;False;False;1;32.472031444649474;0;32.472031444649474;32.472031444649474
1336;17.50;25.50;True;False;False;False;28;61.50;9.50;False;False;True;False;1;59.196477722645795;0;59.196477722645795;59.196477722645795
1336;17.50;25.50;True;False;False;False;44;61.50;15.50;False;False;True;False;1;122.6601875828128;0;122.6601875828128;122.6601875828128
1336;17.50;25.50;True;False;False;False;60;61.50;21.50;False;False;True;False;1;78.29732001182128;0;78.29732001182128;78.29732001182128
1336;17.50;25.50;True;False;False;False;490;51.50;5.50;True;False;False;False;1;47.46649027494459;0;47.46649027494459;47.46649027494459
1336;17.50;25.50;True;False;False;False;1094;39.50;19.50;True;False;False;False;1;25.483704500795284;0;25.483704500795284;25.483704500795284
1336;17.50;25.50;True;False;False;False;1353;34.50;25.50;True;False;False;False;1;14.763333333328774;0;14.763333333328774;14.763333333328774
1339;20.50;25.50;True;False;False;False;44;61.50;15.50;False;False;True;False;2;86.56402292658822;1764.6022368417578;56.86046895705658;116.26757689611986
1339;20.50;25.50;True;False;False;False;60;61.50;21.50;False;False;True;False;3;85.78280851229374;1026.9053264610563;48.797972553517866;105.27360431990382
1339;20.50;25.50;True;False;False;False;475;36.50;5.50;True;False;False;False;1;40.508499337409376;0;40.508499337409376;40.508499337409376
1339;20.50;25.50;True;False;False;False;491;52.50;5.50;True;False;False;False;1;42.83528137423309;0;42.83528137423309;42.83528137423309
1339;20.50;25.50;True;False;False;False;612;41.50;8.50;True;False;False;False;1;32.95786837445121;0;32.95786837445121;32.95786837445121
1339;20.50;25.50;True;False;False;False;689;30.50;10.50;True;False;False;False;1;43.67853210726571;0;43.67853210726571;43.67853210726571
1339;20.50;25.50;True;False;False;False;866;31.50;14.50;True;False;False;False;1;21.92130188865849;0;21.92130188865849;21.92130188865849
1340;21.50;25.50;True;False;False;False;60;61.50;21.50;False;False;True;False;2;42.63463868627241;0.1571042503994128;42.35436716577897;42.91491020676585
1340;21.50;25.50;True;False;False;False;351;44.50;2.50;True;False;False;False;1;48.81504848081204;0;48.81504848081204;48.81504848081204
1340;21.50;25.50;True;False;False;False;489;50.50;5.50;True;False;False;False;1;43.08397868211978;0;43.08397868211978;43.08397868211978
1341;22.50;25.50;True;False;False;False;44;61.50;15.50;False;False;True;False;1;117.72058030996413;0;117.72058030996413;117.72058030996413
1341;22.50;25.50;True;False;False;False;332;25.50;2.50;True;False;False;False;1;24.550188386272566;0;24.550188386272566;24.550188386272566
1344;25.50;25.50;True;False;False;False;12;61.50;3.50;False;False;True;False;1;100.29509778958891;0;100.29509778958891;100.29509778958891
1344;25.50;25.50;True;False;False;False;124;0.50;24.50;False;True;False;False;1;372.7766666666666;0;372.7766666666666;372.7766666666666
1344;25.50;25.50;True;False;False;False;1277;46.50;23.50;True;False;False;False;1;22.220743138380385;0;22.220743138380385;22.220743138380385
1344;25.50;25.50;True;False;False;False;1365;46.50;25.50;True;False;False;False;1;17.218795097474867;0;17.218795097474867;17.218795097474867
1345;26.50;25.50;True;False;False;False;44;61.50;15.50;False;False;True;False;1;71.3232403453585;0;71.3232403453585;71.3232403453585
1345;26.50;25.50;True;False;False;False;60;61.50;21.50;False;False;True;False;1;75.38305915200908;0;75.38305915200908;75.38305915200908
1345;26.50;25.50;True;False;False;False;352;45.50;2.50;True;False;False;False;1;34.66287076574372;0;34.66287076574372;34.66287076574372
1345;26.50;25.50;True;False;False;False;968;45.50;16.50;True;False;False;False;1;26.63388888888585;0;26.63388888888585;26.63388888888585
1346;27.50;25.50;True;False;False;False;60;61.50;21.50;False;False;True;False;2;135.96870769555653;137.4544469594833;127.67851930929282;144.25889608182024
1346;27.50;25.50;True;False;False;False;1131;32.50;20.50;True;False;False;False;1;13.94380741418172;0;13.94380741418172;13.94380741418172
1348;29.50;25.50;True;False;False;False;28;61.50;9.50;False;False;True;False;1;85.44018438807689;0;85.44018438807689;85.44018438807689
1349;30.50;25.50;True;False;False;False;60;61.50;21.50;False;False;True;False;1;90.41750359643629;0;90.41750359643629;90.41750359643629
1350;31.50;25.50;True;False;False;False;60;61.50;21.50;False;False;True;False;1;99.17945163736385;0;99.17945163736385;99.17945163736385
1351;32.50;25.50;True;False;False;False;44;61.50;15.50;False;False;True;False;2;98.3479454827102;0.9776277300736229;97.64879323531568;99.04709773010472
1351;32.50;25.50;True;False;False;False;60;61.50;21.50;False;False;True;False;1;122.42629869393204;0;122.42629869393204;122.42629869393204
1351;32.50;25.50;True;False;False;False;92;0.50;12.50;False;True;False;False;1;249.9425382187037;0;249.9425382187037;249.9425382187037
1351;32.50;25.50;True;False;False;False;820;29.50;13.50;True;False;False;False;1;16.750649346966384;0;16.750649346966384;16.750649346966384
1351;32.50;25.50;True;False;False;False;821;30.50;13.50;True;False;False;False;1;16.330468957061385;0;16.330468957061385;16.330468957061385
1351;32.50;25.50;True;False;False;False;1213;26.50;22.50;True;False;False;False;1;13.244892626200453;0;13.244892626200453;13.244892626200453
1351;32.50;25.50;True;False;False;False;1354;35.50;25.50;True;False;False;False;1;7.354809222442782;0;7.354809222442782;7.354809222442782
1353;34.50;25.50;True;False;False;False;44;61.50;15.50;False;False;True;False;2;97.77102491433732;2102.761716461889;65.3460213178696;130.19602851080504
1353;34.50;25.50;True;False;False;False;124;0.50;24.50;False;True;False;False;1;579.8413000552591;0;579.8413000552591;579.8413000552591
1353;34.50;25.50;True;False;False;False;821;30.50;13.50;True;False;False;False;2;18.41076153186077;0.15393281067851225;18.133333333331393;18.68818973039015
1353;34.50;25.50;True;False;False;False;862;27.50;14.50;True;False;False;False;1;19.419444444443798;0;19.419444444443798;19.419444444443798
1354;35.50;25.50;True;False;False;False;60;61.50;21.50;False;False;True;False;1;141.6938062885547;0;141.6938062885547;141.6938062885547
1354;35.50;25.50;True;False;False;False;1280;49.50;23.50;True;False;False;False;1;19.097965360586386;0;19.097965360586386;19.097965360586386
1356;37.50;25.50;True;False;False;False;44;61.50;15.50;False;False;True;False;1;84.7241702631286;0;84.7241702631286;84.7241702631286
1356;37.50;25.50;True;False;False;False;1239;52.50;22.50;True;False;False;False;1;19.183791902731173;0;19.183791902731173;19.183791902731173
1358;39.50;25.50;True;False;False;False;60;61.50;21.50;False;False;True;False;1;71.2298998191161;0;71.2298998191161;71.2298998191161
1358;39.50;25.50;True;False;False;False;578;51.50;7.50;True;False;False;False;1;27.29666986139273;0;27.29666986139273;27.29666986139273
1359;40.50;25.50;True;False;False;False;60;61.50;21.50;False;False;True;False;1;130.93334132971177;0;130.93334132971177;130.93334132971177
1360;41.50;25.50;True;False;False;False;124;0.50;24.50;False;True;False;False;1;550.4487084989892;0;550.4487084989892;550.4487084989892
1361;42.50;25.50;True;False;False;False;44;61.50;15.50;False;False;True;False;2;95.22089154289543;1273.427243303984;69.98770661407616;120.4540764717147
1361;42.50;25.50;True;False;False;False;60;61.50;21.50;False;False;True;False;6;78.34054890780104;648.6582836416341;44.2304090796606;122.41897709428304
1361;42.50;25.50;True;False;False;False;352;45.50;2.50;True;False;False;False;1;24.773296224590013;0;24.773296224590013;24.773296224590013
1361;42.50;25.50;True;False;False;False;583;12.50;8.50;True;False;False;False;1;38.46351772141952;0;38.46351772141952;38.46351772141952
1361;42.50;25.50;True;False;False;False;734;31.50;11.50;True;False;False;False;1;30.200387405697256;0;30.200387405697256;30.200387405697256
1361;42.50;25.50;True;False;False;False;821;30.50;13.50;True;False;False;False;2;23.547879957739497;0.0009542041340428492;23.526037291532703;23.56972262394629
1361;42.50;25.50;True;False;False;False;864;29.50;14.50;True;False;False;False;1;23.495553967723254;0;23.495553967723254;23.495553967723254
1361;42.50;25.50;True;False;False;False;1276;45.50;23.50;True;False;False;False;1;10.556948560879391;0;10.556948560879391;10.556948560879391
1361;42.50;25.50;True;False;False;False;1403;40.50;26.50;True;False;False;False;1;7.250181193354365;0;7.250181193354365;7.250181193354365
1363;44.50;25.50;True;False;False;False;44;61.50;15.50;False;False;True;False;2;84.5665219813468;1338.6053429685617;58.6956373523999;110.43740661029369
1363;44.50;25.50;True;False;False;False;60;61.50;21.50;False;False;True;False;3;92.42488320261266;2320.2555108592032;37.436669861397604;127.16314655395036
1363;44.50;25.50;True;False;False;False;822;31.50;13.50;True;False;False;False;2;25.02276524926856;0.07339073289087499;24.831204902522586;25.214325596014532
1363;44.50;25.50;True;False;False;False;1146;47.50;20.50;True;False;False;False;1;12.080409258931468;0;12.080409258931468;12.080409258931468
1363;44.50;25.50;True;False;False;False;1236;49.50;22.50;True;False;False;False;1;12.579441249707088;0;12.579441249707088;12.579441249707088
1363;44.50;25.50;True;False;False;False;1368;49.50;25.50;True;False;False;False;1;7.072861965906668;0;7.072861965906668;7.072861965906668
1364;45.50;25.50;True;False;False;False;44;61.50;15.50;False;False;True;False;1;112.4336147075719;0;112.4336147075719;112.4336147075719
1364;45.50;25.50;True;False;False;False;60;61.50;21.50;False;False;True;False;2;114.44500306247346;135.48414676322588;106.21444576775684;122.67556035719008
1364;45.50;25.50;True;False;False;False;820;29.50;13.50;True;False;False;False;1;26.383875325507688;0;26.383875325507688;26.383875325507688
1364;45.50;25.50;True;False;False;False;821;30.50;13.50;True;False;False;False;1;26.077954972947737;0;26.077954972947737;26.077954972947737
1364;45.50;25.50;True;False;False;False;942;19.50;16.50;True;False;False;False;1;31.55213242899481;0;31.55213242899481;31.55213242899481
1364;45.50;25.50;True;False;False;False;1370;51.50;25.50;True;False;False;False;1;8.331014124962621;0;8.331014124962621;8.331014124962621
1365;46.50;25.50;True;False;False;False;44;61.50;15.50;False;False;True;False;2;87.69325711297643;260.6724641393226;76.27676763198178;99.10974659397107
1365;46.50;25.50;True;False;False;False;60;61.50;21.50;False;False;True;False;6;54.25260763525429;286.2211763194529;33.718338134969656;79.34889288706108
1365;46.50;25.50;True;False;False;False;92;0.50;12.50;False;True;False;False;1;253.6928987530173;0;253.6928987530173;253.6928987530173
1365;46.50;25.50;True;False;False;False;124;0.50;24.50;False;True;False;False;1;598.2673391992412;0;598.2673391992412;598.2673391992412
1365;46.50;25.50;True;False;False;False;734;31.50;11.50;True;False;False;False;1;36.75738103334879;0;36.75738103334879;36.75738103334879
1365;46.50;25.50;True;False;False;False;820;29.50;13.50;True;False;False;False;1;26.92083054032264;0;26.92083054032264;26.92083054032264
1365;46.50;25.50;True;False;False;False;821;30.50;13.50;True;False;False;False;2;26.451657866843107;0.0005499038966179669;26.43507619176762;26.468239541918592
1365;46.50;25.50;True;False;False;False;822;31.50;13.50;True;False;False;False;1;45.221572875252605;0;45.221572875252605;45.221572875252605
1365;46.50;25.50;True;False;False;False;841;50.50;13.50;True;False;False;False;2;18.286046502635827;0.16967585607860516;17.9947769916339;18.577316013637756
1365;46.50;25.50;True;False;False;False;1234;47.50;22.50;True;False;False;False;1;8.996388487161312;0;8.996388487161312;8.996388487161312
1365;46.50;25.50;True;False;False;False;1339;20.50;25.50;True;False;False;False;1;21.431495860955692;0;21.431495860955692;21.431495860955692
1365;46.50;25.50;True;False;False;False;1371;52.50;25.50;True;False;False;False;1;7.731754068605369;0;7.731754068605369;7.731754068605369
1366;47.50;25.50;True;False;False;False;60;61.50;21.50;False;False;True;False;5;73.97912358192407;297.89341834261774;52.879917399689475;99.42894376649019
1366;47.50;25.50;True;False;False;False;76;0.50;6.50;False;True;False;False;1;510.8260533033754;0;510.8260533033754;510.8260533033754
1366;47.50;25.50;True;False;False;False;820;29.50;13.50;True;False;False;False;1;30.015270986572432;0;30.015270986572432;30.015270986572432
1366;47.50;25.50;True;False;False;False;864;29.50;14.50;True;False;False;False;1;26.46045803027664;0;26.46045803027664;26.46045803027664
1366;47.50;25.50;True;False;False;False;1346;27.50;25.50;True;False;False;False;1;16.895085795043997;0;16.895085795043997;16.895085795043997
1366;47.50;25.50;True;False;False;False;1371;52.50;25.50;True;False;False;False;1;7.06161097572658;0;7.06161097572658;7.06161097572658
1366;47.50;25.50;True;False;False;False;1412;49.50;26.50;True;False;False;False;1;7.9932395419236855;0;7.9932395419236855;7.9932395419236855
1366;47.50;25.50;True;False;False;False;1415;52.50;26.50;True;False;False;False;1;11.093795097476686;0;11.093795097476686;11.093795097476686
1368;49.50;25.50;True;False;False;False;44;61.50;15.50;False;False;True;False;2;142.13491593457275;631.9145401649824;124.35972901340392;159.91010285574157
1368;49.50;25.50;True;False;False;False;60;61.50;21.50;False;False;True;False;7;103.37288116159915;2160.6271419144296;29.958340526255597;161.12249560015334
1368;49.50;25.50;True;False;False;False;344;37.50;2.50;True;False;False;False;1;38.938051155644644;0;38.938051155644644;38.938051155644644
1368;49.50;25.50;True;False;False;False;753;50.50;11.50;True;False;False;False;1;16.503427124746395;0;16.503427124746395;16.503427124746395
1368;49.50;25.50;True;False;False;False;820;29.50;13.50;True;False;False;False;1;29.52425393145313;0;29.52425393145313;29.52425393145313
1368;49.50;25.50;True;False;False;False;822;31.50;13.50;True;False;False;False;2;29.450179988231866;3.4662743490008876;28.13369330979549;30.766666666668243
1368;49.50;25.50;True;False;False;False;823;32.50;13.50;True;False;False;False;1;27.085472955248406;0;27.085472955248406;27.085472955248406
1368;49.50;25.50;True;False;False;False;932;9.50;16.50;True;False;False;False;1;40.929173457867364;0;40.929173457867364;40.929173457867364
1368;49.50;25.50;True;False;False;False;1340;21.50;25.50;True;False;False;False;1;23.02147908383813;0;23.02147908383813;23.02147908383813
1368;49.50;25.50;True;False;False;False;1412;49.50;26.50;True;False;False;False;1;3.3817604580781335;0;3.3817604580781335;3.3817604580781335
1369;50.50;25.50;True;False;False;False;28;61.50;9.50;False;False;True;False;1;202.80369543644701;0;202.80369543644701;202.80369543644701
1369;50.50;25.50;True;False;False;False;60;61.50;21.50;False;False;True;False;2;84.31544680623301;1037.6560480994733;61.53765007235779;107.09324354010823
1369;50.50;25.50;True;False;False;False;124;0.50;24.50;False;True;False;False;1;552.0103722352515;0;552.0103722352515;552.0103722352515
1369;50.50;25.50;True;False;False;False;455;16.50;5.50;True;False;False;False;1;44.27888569415336;0;44.27888569415336;44.27888569415336
1369;50.50;25.50;True;False;False;False;733;30.50;11.50;True;False;False;False;1;39.881576069983566;0;39.881576069983566;39.881576069983566
1369;50.50;25.50;True;False;False;False;822;31.50;13.50;True;False;False;False;2;29.40991156329801;3.3684655336313605;28.112131625552138;30.707691501043882
1369;50.50;25.50;True;False;False;False;1276;45.50;23.50;True;False;False;False;1;11.614729013416763;0;11.614729013416763;11.614729013416763
1370;51.50;25.50;True;False;False;False;44;61.50;15.50;False;False;True;False;1;96.99518999309657;0;96.99518999309657;96.99518999309657
1370;51.50;25.50;True;False;False;False;60;61.50;21.50;False;False;True;False;2;50.99443965234332;15.446585341815455;48.21535838852469;53.77352091616194
1370;51.50;25.50;True;False;False;False;732;29.50;11.50;True;False;False;False;1;39.71176045807806;0;39.71176045807806;39.71176045807806
1370;51.50;25.50;True;False;False;False;734;31.50;11.50;True;False;False;False;1;31.53999680526249;0;31.53999680526249;31.53999680526249
1370;51.50;25.50;True;False;False;False;959;36.50;16.50;True;False;False;False;1;23.984351456470904;0;23.984351456470904;23.984351456470904
1371;52.50;25.50;True;False;False;False;12;61.50;3.50;False;False;True;False;1;88.78268798454701;0;88.78268798454701;88.78268798454701
1371;52.50;25.50;True;False;False;False;28;61.50;9.50;False;False;True;False;1;199.295656539849;0;199.295656539849;199.295656539849
1371;52.50;25.50;True;False;False;False;44;61.50;15.50;False;False;True;False;2;83.57583253941812;391.58020190497865;69.583330942045;97.56833413679124
1371;52.50;25.50;True;False;False;False;60;61.50;21.50;False;False;True;False;9;115.11594979630468;2014.0968342601677;34.39444444444052;175.82814816085738
1371;52.50;25.50;True;False;False;False;76;0.50;6.50;False;True;False;False;1;554.1789288516302;0;554.1789288516302;554.1789288516302
1371;52.50;25.50;True;False;False;False;92;0.50;12.50;False;True;False;False;1;228.39873168460508;0;228.39873168460508;228.39873168460508
1371;52.50;25.50;True;False;False;False;277;14.50;1.50;True;False;False;False;1;48.52435784594854;0;48.52435784594854;48.52435784594854
1371;52.50;25.50;True;False;False;False;442;47.50;4.50;True;False;False;False;1;24.44409805048781;0;24.44409805048781;24.44409805048781
1371;52.50;25.50;True;False;False;False;543;16.50;7.50;True;False;False;False;1;57.83749720699052;0;57.83749720699052;57.83749720699052
1371;52.50;25.50;True;False;False;False;821;30.50;13.50;True;False;False;False;2;29.811670263135966;0.0029805249973278492;29.77306634495835;29.85027418131358
1371;52.50;25.50;True;False;False;False;822;31.50;13.50;True;False;False;False;2;30.100608840733912;2.81525783542399;28.914173457869765;31.28704422359806
1371;52.50;25.50;True;False;False;False;843;52.50;13.50;True;False;False;False;1;14.509321400091721;0;14.509321400091721;14.509321400091721
1371;52.50;25.50;True;False;False;False;864;29.50;14.50;True;False;False;False;2;30.079083262899076;0.007879389666003923;30.016316274497512;30.14185025130064
1371;52.50;25.50;True;False;False;False;970;47.50;16.50;True;False;False;False;1;16.570367972733948;0;16.570367972733948;16.570367972733948
1371;52.50;25.50;True;False;False;False;972;49.50;16.50;True;False;False;False;1;14.807965360600065;0;14.807965360600065;14.807965360600065
1371;52.50;25.50;True;False;False;False;1238;51.50;22.50;True;False;False;False;1;8.26684786001897;0;8.26684786001897;8.26684786001897
1371;52.50;25.50;True;False;False;False;1400;37.50;26.50;True;False;False;False;1;18.077409805049683;0;18.077409805049683;18.077409805049683
1371;52.50;25.50;True;False;False;False;1412;49.50;26.50;True;False;False;False;1;8.991212095434093;0;8.991212095434093;8.991212095434093
1372;9.50;26.50;True;False;False;False;12;61.50;3.50;False;False;True;False;1;125.85508579513044;0;125.85508579513044;125.85508579513044
1372;9.50;26.50;True;False;False;False;949;26.50;16.50;True;False;False;False;1;32.420743138376565;0;32.420743138376565;32.420743138376565
1372;9.50;26.50;True;False;False;False;1198;11.50;22.50;True;False;False;False;1;10.553333333333512;0;10.553333333333512;10.553333333333512
1374;11.50;26.50;True;False;False;False;28;61.50;9.50;False;False;True;False;1;73.57814894523835;0;73.57814894523835;73.57814894523835
1374;11.50;26.50;True;False;False;False;1140;41.50;20.50;True;False;False;False;1;31.334242227198047;0;31.334242227198047;31.334242227198047
1375;12.50;26.50;True;False;False;False;12;61.50;3.50;False;False;True;False;1;110.64360912154552;0;110.64360912154552;110.64360912154552
1375;12.50;26.50;True;False;False;False;44;61.50;15.50;False;False;True;False;1;81.37212923424886;0;81.37212923424886;81.37212923424886
1375;12.50;26.50;True;False;False;False;60;61.50;21.50;False;False;True;False;1;68.10128750281547;0;68.10128750281547;68.10128750281547
1375;12.50;26.50;True;False;False;False;489;50.50;5.50;True;False;False;False;1;55.373614707570596;0;55.373614707570596;55.373614707570596
1375;12.50;26.50;True;False;False;False;567;40.50;7.50;True;False;False;False;1;39.608340526254324;0;39.608340526254324;39.608340526254324
1375;12.50;26.50;True;False;False;False;597;26.50;8.50;True;False;False;False;1;29.481026903911697;0;29.481026903911697;29.481026903911697
1377;14.50;26.50;True;False;False;False;1240;9.50;23.50;True;False;False;False;1;12.7398164153592;0;12.7398164153592;12.7398164153592
1378;15.50;26.50;True;False;False;False;28;61.50;9.50;False;False;True;False;1;109.44463602544056;0;109.44463602544056;109.44463602544056
1380;17.50;26.50;True;False;False;False;44;61.50;15.50;False;False;True;False;1;77.92417026312796;0;77.92417026312796;77.92417026312796
1384;21.50;26.50;True;False;False;False;44;61.50;15.50;False;False;True;False;1;116.24174607224904;0;116.24174607224904;116.24174607224904
1385;22.50;26.50;True;False;False;False;60;61.50;21.50;False;False;True;False;2;92.6590159936386;3306.915234894659;51.99628591501096;133.32174607226625
1385;22.50;26.50;True;False;False;False;1273;42.50;23.50;True;False;False;False;1;23.41666347194041;0;23.41666347194041;23.41666347194041
1387;24.50;26.50;True;False;False;False;44;61.50;15.50;False;False;True;False;1;80.68805915199664;0;80.68805915199664;80.68805915199664
1387;24.50;26.50;True;False;False;False;60;61.50;21.50;False;False;True;False;1;64.31144472611322;0;64.31144472611322;64.31144472611322
1387;24.50;26.50;True;False;False;False;309;46.50;1.50;True;False;False;False;1;38.04289634267661;0;38.04289634267661;38.04289634267661
1388;25.50;26.50;True;False;False;False;28;61.50;9.50;False;False;True;False;1;70.04037197091748;0;70.04037197091748;70.04037197091748
1389;26.50;26.50;True;False;False;False;44;61.50;15.50;False;False;True;False;1;81.99419744694933;0;81.99419744694933;81.99419744694933
1390;27.50;26.50;True;False;False;False;60;61.50;21.50;False;False;True;False;1;98.32223980277013;0;98.32223980277013;98.32223980277013
1392;29.50;26.50;True;False;False;False;12;61.50;3.50;False;False;True;False;1;186.75870210951462;0;186.75870210951462;186.75870210951462
1393;30.50;26.50;True;False;False;False;60;61.50;21.50;False;False;True;False;1;56.84472262394502;0;56.84472262394502;56.84472262394502
1394;31.50;26.50;True;False;False;False;124;0.50;24.50;False;True;False;False;1;567.1722390184148;0;567.1722390184148;567.1722390184148
1395;32.50;26.50;True;False;False;False;60;61.50;21.50;False;False;True;False;1;80.14417347692779;0;80.14417347692779;80.14417347692779
1395;32.50;26.50;True;False;False;False;108;0.50;18.50;False;True;False;False;1;608.2761246935133;0;608.2761246935133;608.2761246935133
1395;32.50;26.50;True;False;False;False;732;29.50;11.50;True;False;False;False;1;27.19813936103492;0;27.19813936103492;27.19813936103492
1395;32.50;26.50;True;False;False;False;734;31.50;11.50;True;False;False;False;1;17.042219027480314;0;17.042219027480314;17.042219027480314
1397;34.50;26.50;True;False;False;False;44;61.50;15.50;False;False;True;False;1;193.13093871756246;0;193.13093871756246;193.13093871756246
1397;34.50;26.50;True;False;False;False;459;20.50;5.50;True;False;False;False;1;50.5981273664911;0;50.5981273664911;50.5981273664911
1398;35.50;26.50;True;False;False;False;28;61.50;9.50;False;False;True;False;1;121.67917825951736;0;121.67917825951736;121.67917825951736
1398;35.50;26.50;True;False;False;False;124;0.50;24.50;False;True;False;False;1;613.9209523190431;0;613.9209523190431;613.9209523190431
1398;35.50;26.50;True;False;False;False;820;29.50;13.50;True;False;False;False;1;25.82602051442882;0;25.82602051442882;25.82602051442882
1398;35.50;26.50;True;False;False;False;822;31.50;13.50;True;False;False;False;1;18.49833733151536;0;18.49833733151536;18.49833733151536
1399;36.50;26.50;True;False;False;False;60;61.50;21.50;False;False;True;False;1;131.9361214987739;0;131.9361214987739;131.9361214987739
1399;36.50;26.50;True;False;False;False;1404;41.50;26.50;True;False;False;False;1;7.326204902527024;0;7.326204902527024;7.326204902527024
1400;37.50;26.50;True;False;False;False;44;61.50;15.50;False;False;True;False;1;64.46563976275502;0;64.46563976275502;64.46563976275502
1400;37.50;26.50;True;False;False;False;60;61.50;21.50;False;False;True;False;3;99.17556408120102;135.73283117588423;85.81232320654453;107.19907727516693
1400;37.50;26.50;True;False;False;False;821;30.50;13.50;True;False;False;False;1;26.942316013637537;0;26.942316013637537;26.942316013637537
1400;37.50;26.50;True;False;False;False;986;19.50;17.50;True;False;False;False;1;25.395927526471496;0;25.395927526471496;25.395927526471496
1400;37.50;26.50;True;False;False;False;1145;46.50;20.50;True;False;False;False;1;17.655824150846456;0;17.655824150846456;17.655824150846456
1400;37.50;26.50;True;False;False;False;1263;32.50;23.50;True;False;False;False;1;12.825371167458798;0;12.825371167458798;12.825371167458798
1402;39.50;26.50;True;False;False;False;12;61.50;3.50;False;False;True;False;1;168.86022033360132;0;168.86022033360132;168.86022033360132
1402;39.50;26.50;True;False;False;False;60;61.50;21.50;False;False;True;False;4;113.61848081167818;1331.1223537521998;83.69020489902505;159.19413082027677
1402;39.50;26.50;True;False;False;False;732;29.50;11.50;True;False;False;False;1;33.17777777777519;0;33.17777777777519;33.17777777777519
1402;39.50;26.50;True;False;False;False;822;31.50;13.50;True;False;False;False;2;34.547550492157825;233.35015210053058;23.74592672300787;45.34917426130778
1402;39.50;26.50;True;False;False;False;1363;44.50;25.50;True;False;False;False;1;10.606115109298116;0;10.606115109298116;10.606115109298116
1403;40.50;26.50;True;False;False;False;60;61.50;21.50;False;False;True;False;2;109.49153236901975;10541.132027591617;36.89286837445434;182.09019636358516
1403;40.50;26.50;True;False;False;False;348;41.50;2.50;True;False;False;False;1;24.138491663214154;0;24.138491663214154;24.138491663214154
1403;40.50;26.50;True;False;False;False;447;52.50;4.50;True;False;False;False;1;29.33944444444569;0;29.33944444444569;29.33944444444569
1404;41.50;26.50;True;False;False;False;28;61.50;9.50;False;False;True;False;1;197.182622161341;0;197.182622161341;197.182622161341
1404;41.50;26.50;True;False;False;False;44;61.50;15.50;False;False;True;False;1;85.03768559327091;0;85.03768559327091;85.03768559327091
1404;41.50;26.50;True;False;False;False;60;61.50;21.50;False;False;True;False;2;101.13961831268307;34.05756575786206;97.01302372647388;105.26621289889226
1404;41.50;26.50;True;False;False;False;108;0.50;18.50;False;True;False;False;1;578.1176229648408;0;578.1176229648408;578.1176229648408
1404;41.50;26.50;True;False;False;False;582;11.50;8.50;True;False;False;False;1;49.93386970141728;0;49.93386970141728;49.93386970141728
1404;41.50;26.50;True;False;False;False;821;30.50;13.50;True;False;False;False;2;29.156711965006707;15.756317108535695;26.349906208587527;31.963517721425887
1404;41.50;26.50;True;False;False;False;866;31.50;14.50;True;False;False;False;1;21.90987741787103;0;21.90987741787103;21.90987741787103
1404;41.50;26.50;True;False;False;False;1277;46.50;23.50;True;False;False;False;1;12.286854249490716;0;12.286854249490716;12.286854249490716
1405;42.50;26.50;True;False;False;False;44;61.50;15.50;False;False;True;False;1;148.2377745830272;0;148.2377745830272;148.2377745830272
1405;42.50;26.50;True;False;False;False;60;61.50;21.50;False;False;True;False;1;84.01019238447043;0;84.01019238447043;84.01019238447043
1405;42.50;26.50;True;False;False;False;124;0.50;24.50;False;True;False;False;1;608.451212879836;0;608.451212879836;608.451212879836
1405;42.50;26.50;True;False;False;False;668;9.50;10.50;True;False;False;False;1;39.36694268152678;0;39.36694268152678;39.36694268152678
1405;42.50;26.50;True;False;False;False;670;11.50;10.50;True;False;False;False;1;38.54166666666606;0;38.54166666666606;38.54166666666606
1405;42.50;26.50;True;False;False;False;1407;44.50;26.50;True;False;False;False;1;6.257502793010644;0;6.257502793010644;6.257502793010644
1407;44.50;26.50;True;False;False;False;60;61.50;21.50;False;False;True;False;2;114.68490460170597;1098.5714492659756;91.24805915200886;138.12175005140307
1407;44.50;26.50;True;False;False;False;124;0.50;24.50;False;True;False;False;1;606.1515848697563;0;606.1515848697563;606.1515848697563
1407;44.50;26.50;True;False;False;False;732;29.50;11.50;True;False;False;False;1;36.17647269438021;0;36.17647269438021;36.17647269438021
1407;44.50;26.50;True;False;False;False;1257;26.50;23.50;True;False;False;False;1;21.92296136241748;0;21.92296136241748;21.92296136241748
1407;44.50;26.50;True;False;False;False;1335;16.50;25.50;True;False;False;False;1;26.13122648126773;0;26.13122648126773;26.13122648126773
1408;45.50;26.50;True;False;False;False;28;61.50;9.50;False;False;True;False;1;78.66738633594014;0;78.66738633594014;78.66738633594014
1408;45.50;26.50;True;False;False;False;60;61.50;21.50;False;False;True;False;1;87.22246441806374;0;87.22246441806374;87.22246441806374
1408;45.50;26.50;True;False;False;False;821;30.50;13.50;True;False;False;False;1;51.41898268029854;0;51.41898268029854;51.41898268029854
1408;45.50;26.50;True;False;False;False;864;29.50;14.50;True;False;False;False;1;26.52675726334428;0;26.52675726334428;26.52675726334428
1409;46.50;26.50;True;False;False;False;12;61.50;3.50;False;False;True;False;1;53.13357950827185;0;53.13357950827185;53.13357950827185
1409;46.50;26.50;True;False;False;False;44;61.50;15.50;False;False;True;False;1;120.7433799690225;0;120.7433799690225;120.7433799690225
1409;46.50;26.50;True;False;False;False;820;29.50;13.50;True;False;False;False;1;42.71861470757244;0;42.71861470757244;42.71861470757244
1409;46.50;26.50;True;False;False;False;1370;51.50;25.50;True;False;False;False;1;10.49685585631596;0;10.49685585631596;10.49685585631596
1410;47.50;26.50;True;False;False;False;44;61.50;15.50;False;False;True;False;2;95.79417904387748;0.7325078645826506;95.18898987321154;96.39936821454341
1410;47.50;26.50;True;False;False;False;60;61.50;21.50;False;False;True;False;2;75.0629673596934;1965.7493010739104;43.71213562372577;106.41379909566103
1410;47.50;26.50;True;False;False;False;92;0.50;12.50;False;True;False;False;1;230.67907807860638;0;230.67907807860638;230.67907807860638
1410;47.50;26.50;True;False;False;False;821;30.50;13.50;True;False;False;False;2;27.32935065302081;0.41136244278666334;26.875829736862215;27.782871569179406
1410;47.50;26.50;True;False;False;False;1365;46.50;25.50;True;False;False;False;1;6.911111111111495;0;6.911111111111495;6.911111111111495
1410;47.50;26.50;True;False;False;False;1412;49.50;26.50;True;False;False;False;1;5.223986678488018;0;5.223986678488018;5.223986678488018
1410;47.50;26.50;True;False;False;False;1413;50.50;26.50;True;False;False;False;1;6.50472820997129;0;6.50472820997129;6.50472820997129
1412;49.50;26.50;True;False;False;False;28;61.50;9.50;False;False;True;False;1;169.07138129424493;0;169.07138129424493;169.07138129424493
1412;49.50;26.50;True;False;False;False;44;61.50;15.50;False;False;True;False;1;102.71532642210877;0;102.71532642210877;102.71532642210877
1412;49.50;26.50;True;False;False;False;60;61.50;21.50;False;False;True;False;6;93.27946260788576;260.5726572874438;63.01852091615365;111.65250040168394
1412;49.50;26.50;True;False;False;False;92;0.50;12.50;False;True;False;False;2;237.5624584303623;33.00527103447696;233.50011483125127;241.62480202947336
1412;49.50;26.50;True;False;False;False;732;29.50;11.50;True;False;False;False;1;38.0090916609588;0;38.0090916609588;38.0090916609588
1412;49.50;26.50;True;False;False;False;734;31.50;11.50;True;False;False;False;1;28.73083373504778;0;28.73083373504778;28.73083373504778
1412;49.50;26.50;True;False;False;False;821;30.50;13.50;True;False;False;False;1;28.437222222219134;0;28.437222222219134;28.437222222219134
1412;49.50;26.50;True;False;False;False;822;31.50;13.50;True;False;False;False;1;28.306570483953692;0;28.306570483953692;28.306570483953692
1412;49.50;26.50;True;False;False;False;825;34.50;13.50;True;False;False;False;1;25.97659766782374;0;25.97659766782374;25.97659766782374
1412;49.50;26.50;True;False;False;False;867;32.50;14.50;True;False;False;False;1;26.270093791413046;0;26.270093791413046;26.270093791413046
1412;49.50;26.50;True;False;False;False;998;31.50;17.50;True;False;False;False;1;25.399763673642155;0;25.399763673642155;25.399763673642155
1412;49.50;26.50;True;False;False;False;1077;22.50;19.50;True;False;False;False;1;29.86177164916444;0;29.86177164916444;29.86177164916444
1412;49.50;26.50;True;False;False;False;1151;52.50;20.50;True;False;False;False;1;13.079535041117197;0;13.079535041117197;13.079535041117197
1412;49.50;26.50;True;False;False;False;1371;52.50;25.50;True;False;False;False;1;8.537219027486572;0;8.537219027486572;8.537219027486572
1413;50.50;26.50;True;False;False;False;60;61.50;21.50;False;False;True;False;4;90.14055255691846;85.8971760313307;81.80609511838065;98.65463602544696
1413;50.50;26.50;True;False;False;False;478;39.50;5.50;True;False;False;False;1;27.99526859529942;0;27.99526859529942;27.99526859529942
1413;50.50;26.50;True;False;False;False;822;31.50;13.50;True;False;False;False;1;38.25676045807904;0;38.25676045807904;38.25676045807904
1413;50.50;26.50;True;False;False;False;1106;51.50;19.50;True;False;False;False;1;11.719538235865912;0;11.719538235865912;11.719538235865912
1413;50.50;26.50;True;False;False;False;1283;52.50;23.50;True;False;False;False;1;9.210646152234403;0;9.210646152234403;9.210646152234403
1414;51.50;26.50;True;False;False;False;28;61.50;9.50;False;False;True;False;1;126.92027498475909;0;126.92027498475909;126.92027498475909
1414;51.50;26.50;True;False;False;False;60;61.50;21.50;False;False;True;False;3;78.45413580458292;78.26193653487957;71.34953504112309;88.36296216586834
1414;51.50;26.50;True;False;False;False;822;31.50;13.50;True;False;False;False;1;28.61897548738216;0;28.61897548738216;28.61897548738216
1414;51.50;26.50;True;False;False;False;1150;51.50;20.50;True;False;False;False;1;7.282868374453756;0;7.282868374453756;7.282868374453756
1414;51.50;26.50;True;False;False;False;1328;9.50;25.50;True;False;False;False;1;34.36111111111313;0;34.36111111111313;34.36111111111313
1414;51.50;26.50;True;False;False;False;1375;12.50;26.50;True;False;False;False;1;29.19241492882611;0;29.19241492882611;29.19241492882611
1415;52.50;26.50;True;False;False;False;60;61.50;21.50;False;False;True;False;6;78.03726938573156;1289.94100754847;23.536017319698253;136.45934984957694
1415;52.50;26.50;True;False;False;False;92;0.50;12.50;False;True;False;False;2;248.9494344488976;187.68180866479005;239.26228294123575;258.63658595655943
1415;52.50;26.50;True;False;False;False;108;0.50;18.50;False;True;False;False;1;535.7382019704783;0;535.7382019704783;535.7382019704783
1415;52.50;26.50;True;False;False;False;292;29.50;1.50;True;False;False;False;1;39.14009698614973;0;39.14009698614973;39.14009698614973
1415;52.50;26.50;True;False;False;False;313;50.50;1.50;True;False;False;False;1;25.868979485566342;0;25.868979485566342;25.868979485566342
1415;52.50;26.50;True;False;False;False;405;10.50;4.50;True;False;False;False;1;49.609522262173414;0;49.609522262173414;49.609522262173414
1415;52.50;26.50;True;False;False;False;705;46.50;10.50;True;False;False;False;1;22.070465762335516;0;22.070465762335516;22.070465762335516
1415;52.50;26.50;True;False;False;False;734;31.50;11.50;True;False;False;False;1;31.40009059667753;0;31.40009059667753;31.40009059667753
1415;52.50;26.50;True;False;False;False;821;30.50;13.50;True;False;False;False;1;36.45862190049047;0;36.45862190049047;36.45862190049047
1415;52.50;26.50;True;False;False;False;1105;50.50;19.50;True;False;False;False;1;13.17777777777519;0;13.17777777777519;13.17777777777519
1415;52.50;26.50;True;False;False;False;1145;46.50;20.50;True;False;False;False;1;14.544910206779605;0;14.544910206779605;14.544910206779605
1415;52.50;26.50;True;False;False;False;1238;51.50;22.50;True;False;False;False;1;9.928333333331466;0;9.928333333331466;9.928333333331466
